!  MA19 2000 MEV P(200) CHI/DP=51634/25553                SM05   10/ 7/19
!                    PI0P Waves for L= 0   10/ 7/19
!  WCM     S31  pE   S31  pM   S11  pE   S11  pM   S11  nE   S11  nM
 1080.0  -28.7966    0.0000   18.9053    0.0000  -23.0150    0.0000           0.3859    0.0000    0.5254    0.0000   -0.6394    0.0000
 1085.0  -27.8222    0.0000   18.0384    0.0000  -22.1375    0.0000           0.7250    0.0000    0.9076    0.0000   -1.1136    0.0000
 1090.0  -26.9182    0.0000   17.2810    0.0000  -21.3102    0.0000           0.9716    0.0000    1.1262    0.0000   -1.3887    0.0000
 1095.0  -26.0777    0.0000   16.6145    0.0000  -20.5287    0.0000           1.1820    0.0000    1.2774    0.0000   -1.5782    0.0000
 1100.0  -25.2920    0.0000   16.0254    0.0000  -19.7899    0.0000           1.3709    0.0000    1.3891    0.0000   -1.7151    0.0000
 1105.0  -24.5591    0.0000   15.5004    0.0000  -19.0921    0.0000           1.5447    0.0000    1.4760    0.0000   -1.8179    0.0000
 1110.0  -23.8715    0.0000   15.0140    0.0000  -18.4177    0.0000           1.7066    0.0000    1.5434    0.0000   -1.8934    0.0000
 1115.0  -23.2284    0.0000   14.5705    0.0000  -17.7977    0.0000           1.8583    0.0000    1.5954    0.0000   -1.9486    0.0000
 1120.0  -22.6234    0.0000   14.1431    0.0000  -17.2160    0.0000           2.0015    0.0000    1.6348    0.0000   -1.9897    0.0000
 1125.0  -22.0534    0.0000   13.7177    0.0000  -16.6731    0.0000           2.1370    0.0000    1.6631    0.0000   -2.0213    0.0000
 1130.0  -21.5159    0.0000   13.2845    0.0000  -16.1681    0.0000           2.2655    0.0000    1.6797    0.0000   -2.0444    0.0000
 1135.0  -21.0086    0.0000   12.8516    0.0000  -15.7118    0.0000           2.3877    0.0000    1.6860    0.0000   -2.0611    0.0000
 1140.0  -20.5292    0.0000   12.4077    0.0000  -15.2737    0.0000           2.5043    0.0000    1.6842    0.0000   -2.0732    0.0000
 1145.0  -20.0732    0.0000   11.9832    0.0000  -14.8748    0.0000           2.6153    0.0000    1.6773    0.0000   -2.0820    0.0000
 1150.0  -19.6444    0.0000   11.5718    0.0000  -14.4853    0.0000           2.7219    0.0000    1.6665    0.0000   -2.0861    0.0000
 1155.0  -19.2360    0.0000   11.1977    0.0000  -14.1265    0.0000           2.8226    0.0000    1.6542    0.0000   -2.0868    0.0000
 1160.0  -18.8491    0.0000   10.8568    0.0000  -13.7834    0.0000           2.9191    0.0000    1.6425    0.0000   -2.0853    0.0000
 1165.0  -18.4801    0.0000   10.5478    0.0000  -13.4546    0.0000           3.0117    0.0000    1.6310    0.0000   -2.0805    0.0000
 1170.0  -18.1328    0.0000   10.2690    0.0000  -13.1393    0.0000           3.1007    0.0000    1.6198    0.0000   -2.0726    0.0000
 1175.0  -17.7988    0.0000   10.0175    0.0000  -12.8369    0.0000           3.1862    0.0000    1.6099    0.0000   -2.0630    0.0000
 1180.0  -17.4823    0.0000    9.7975    0.0000  -12.5578    0.0000           3.2708    0.0000    1.6008    0.0000   -2.0517    0.0000
 1185.0  -17.1822    0.0000    9.5908    0.0000  -12.2801    0.0000           3.3499    0.0000    1.5933    0.0000   -2.0401    0.0000
 1190.0  -16.8931    0.0000    9.4015    0.0000  -12.0144    0.0000           3.4260    0.0000    1.5863    0.0000   -2.0272    0.0000
 1195.0  -16.6214    0.0000    9.2357    0.0000  -11.7704    0.0000           3.4993    0.0000    1.5796    0.0000   -2.0131    0.0000
 1200.0  -16.3595    0.0000    9.0759    0.0000  -11.5273    0.0000           3.5698    0.0000    1.5745    0.0000   -1.9998    0.0000
 1205.0  -16.1113    0.0000    8.9358    0.0000  -11.3049    0.0000           3.6379    0.0000    1.5695    0.0000   -1.9856    0.0000
 1210.0  -15.8741    0.0000    8.8062    0.0000  -11.0927    0.0000           3.7058    0.0000    1.5650    0.0000   -1.9714    0.0000
 1215.0  -15.6473    0.0000    8.6861    0.0000  -10.8902    0.0000           3.7690    0.0000    1.5611    0.0000   -1.9572    0.0000
 1220.0  -15.4314    0.0000    8.5701    0.0000  -10.6879    0.0000           3.8284    0.0000    1.5414    0.0000   -1.9442    0.0000
 1225.0  -15.2245    0.0000    8.4682    0.0000  -10.5037    0.0000           3.8747    0.0000    1.5215    0.0000   -1.9350    0.0000
 1230.0  -15.0292    0.0000    8.3716    0.0000  -10.3282    0.0000           3.9232    0.0000    1.5064    0.0000   -1.9265    0.0000
 1235.0  -14.8428    0.0000    8.2801    0.0000  -10.1612    0.0000           3.9674    0.0000    1.4939    0.0000   -1.9170    0.0000
 1240.0  -14.6627    0.0000    8.1938    0.0000  -10.0022    0.0000           4.0096    0.0000    1.4857    0.0000   -1.9092    0.0000
 1245.0  -14.4929    0.0000    8.1194    0.0000   -9.8594    0.0000           4.0523    0.0000    1.4807    0.0000   -1.9024    0.0000
 1250.0  -14.3286    0.0000    8.0425    0.0000   -9.7153    0.0000           4.0953    0.0000    1.4778    0.0000   -1.8956    0.0000
 1255.0  -14.1717    0.0000    7.9700    0.0000   -9.5782    0.0000           4.1347    0.0000    1.4783    0.0000   -1.8905    0.0000
 1260.0  -14.0217    0.0000    7.9017    0.0000   -9.4478    0.0000           4.1748    0.0000    1.4804    0.0000   -1.8856    0.0000
 1265.0  -13.8761    0.0000    7.8446    0.0000   -9.3320    0.0000           4.2155    0.0000    1.4854    0.0000   -1.8824    0.0000
 1270.0  -13.7367    0.0000    7.7841    0.0000   -9.2143    0.0000           4.2551    0.0000    1.4924    0.0000   -1.8802    0.0000
 1275.0  -13.6035    0.0000    7.7341    0.0000   -9.1103    0.0000           4.2955    0.0000    1.5021    0.0000   -1.8797    0.0000
 1280.0  -13.4734    0.0000    7.6886    0.0000   -9.0118    0.0000           4.3348    0.0000    1.5128    0.0000   -1.8793    0.0000
 1285.0  -13.3487    0.0000    7.6385    0.0000   -8.9110    0.0000           4.3730    0.0000    1.5269    0.0000   -1.8814    0.0000
 1290.0  -13.2266    0.0000    7.5988    0.0000   -8.8229    0.0000           4.4143    0.0000    1.5425    0.0000   -1.8844    0.0000
 1295.0  -13.1090    0.0000    7.5627    0.0000   -8.7398    0.0000           4.4546    0.0000    1.5605    0.0000   -1.8891    0.0000
 1300.0  -12.9937    0.0000    7.5217    0.0000   -8.6539    0.0000           4.4939    0.0000    1.5801    0.0000   -1.8946    0.0000
 1305.0  -12.8824    0.0000    7.4910    0.0000   -8.5799    0.0000           4.5342    0.0000    1.6027    0.0000   -1.9025    0.0000
 1310.0  -12.7728    0.0000    7.4633    0.0000   -8.5104    0.0000           4.5755    0.0000    1.6268    0.0000   -1.9113    0.0000
 1315.0  -12.6665    0.0000    7.4389    0.0000   -8.4450    0.0000           4.6177    0.0000    1.6539    0.0000   -1.9224    0.0000
 1320.0  -12.5616    0.0000    7.4164    0.0000   -8.3835    0.0000           4.6589    0.0000    1.6826    0.0000   -1.9343    0.0000
 1325.0  -12.4593    0.0000    7.3963    0.0000   -8.3261    0.0000           4.6991    0.0000    1.7144    0.0000   -1.9486    0.0000
 1330.0  -12.3581    0.0000    7.3725    0.0000   -8.2653    0.0000           4.7400    0.0000    1.7491    0.0000   -1.9652    0.0000
 1335.0  -12.2595    0.0000    7.3586    0.0000   -8.2151    0.0000           4.7816    0.0000    1.7861    0.0000   -1.9834    0.0000
 1340.0  -12.1613    0.0000    7.3473    0.0000   -8.1686    0.0000           4.8221    0.0000    1.8263    0.0000   -2.0039    0.0000
 1345.0  -12.0653    0.0000    7.3374    0.0000   -8.1254    0.0000           4.8631    0.0000    1.8685    0.0000   -2.0260    0.0000
 1350.0  -11.9718    0.0000    7.3311    0.0000   -8.0856    0.0000           4.9029    0.0000    1.9147    0.0000   -2.0511    0.0000
 1355.0  -11.8784    0.0000    7.3272    0.0000   -8.0490    0.0000           4.9431    0.0000    1.9637    0.0000   -2.0779    0.0000
 1360.0  -11.7869    0.0000    7.3183    0.0000   -8.0088    0.0000           4.9819    0.0000    2.0165    0.0000   -2.1079    0.0000
 1365.0  -11.6973    0.0000    7.3196    0.0000   -7.9787    0.0000           5.0211    0.0000    2.0733    0.0000   -2.1402    0.0000
 1370.0  -11.6098    0.0000    7.3232    0.0000   -7.9516    0.0000           5.0589    0.0000    2.1333    0.0000   -2.1757    0.0000
 1375.0  -11.5242    0.0000    7.3220    0.0000   -7.9208    0.0000           5.0970    0.0000    2.1991    0.0000   -2.2144    0.0000
 1380.0  -11.4387    0.0000    7.3310    0.0000   -7.9001    0.0000           5.1317    0.0000    2.2681    0.0000   -2.2557    0.0000
 1385.0  -11.3572    0.0000    7.3353    0.0000   -7.8757    0.0000           5.1686    0.0000    2.3420    0.0000   -2.3012    0.0000
 1390.0  -11.2776    0.0000    7.3429    0.0000   -7.8547    0.0000           5.2021    0.0000    2.4217    0.0000   -2.3501    0.0000
 1395.0  -11.1998    0.0000    7.3524    0.0000   -7.8370    0.0000           5.2358    0.0000    2.5065    0.0000   -2.4033    0.0000
 1400.0  -11.1262    0.0000    7.3648    0.0000   -7.8226    0.0000           5.2662    0.0000    2.5978    0.0000   -2.4610    0.0000
 1405.0  -11.0549    0.0000    7.3795    0.0000   -7.8120    0.0000           5.2969    0.0000    2.6955    0.0000   -2.5240    0.0000
 1410.0  -10.9858    0.0000    7.3906    0.0000   -7.7987    0.0000           5.3259    0.0000    2.8000    0.0000   -2.5919    0.0000
 1415.0  -10.9210    0.0000    7.4044    0.0000   -7.7895    0.0000           5.3552    0.0000    2.9125    0.0000   -2.6657    0.0000
 1420.0  -10.8587    0.0000    7.4209    0.0000   -7.7846    0.0000           5.3813    0.0000    3.0329    0.0000   -2.7464    0.0000
 1425.0  -10.8024    0.0000    7.4335    0.0000   -7.7783    0.0000           5.4039    0.0000    3.1630    0.0000   -2.8347    0.0000
 1430.0  -10.7490    0.0000    7.4492    0.0000   -7.7776    0.0000           5.4267    0.0000    3.3031    0.0000   -2.9321    0.0000
 1435.0  -10.7005    0.0000    7.4615    0.0000   -7.7767    0.0000           5.4465    0.0000    3.4540    0.0000   -3.0383    0.0000
 1440.0  -10.6571    0.0000    7.4756    0.0000   -7.7827    0.0000           5.4646    0.0000    3.6176    0.0000   -3.1569    0.0000
 1445.0  -10.6204    0.0000    7.4873    0.0000   -7.7907    0.0000           5.4795    0.0000    3.7949    0.0000   -3.2887    0.0000
 1450.0  -10.5867    0.0000    7.4960    0.0000   -7.8022    0.0000           5.4930    0.0000    3.9882    0.0000   -3.4368    0.0000
 1455.0  -10.5598    0.0000    7.4977    0.0000   -7.8129    0.0000           5.5034    0.0000    4.1997    0.0000   -3.6055    0.0000
 1460.0  -10.5409    0.0000    7.4977    0.0000   -7.8320    0.0000           5.5084    0.0000    4.4328    0.0000   -3.7991    0.0000
 1465.0  -10.5281    0.0000    7.4893    0.0000   -7.8553    0.0000           5.5107    0.0000    4.6920    0.0000   -4.0268    0.0000
 1470.0  -10.5216    0.0000    7.4720    0.0000   -7.8848    0.0000           5.5094    0.0000    4.9842    0.0000   -4.2999    0.0000
 1475.0  -10.5254    0.0000    7.4409    0.0000   -7.9221    0.0000           5.5013    0.0000    5.3199    0.0000   -4.6421    0.0000
 1480.0  -10.5367    0.0000    7.3897    0.0000   -7.9667    0.0000           5.4883    0.0000    5.7197    0.0000   -5.0998    0.0000
 1485.0  -10.5530    0.0000    7.2982    0.0000   -8.0150    0.0000           5.4700    0.0000    6.2430    0.0000   -5.8302    0.0000
 1490.0  -10.5822    0.0000    6.8126    0.0000   -7.1372    0.0000           5.4429    0.0000    6.8691    0.0000   -6.7945    0.0000
 1495.0  -10.6176    0.0000    6.2680    0.0000   -6.3421    0.0000           5.4068    0.0000    7.2046    0.0000   -7.0496    0.0000
 1500.0  -10.6649    0.0000    5.6903    0.0000   -5.5965    0.0000           5.3616    0.0000    7.4376    0.0000   -7.1848    0.0000
 1505.0  -10.7217    0.0000    5.0930    0.0000   -4.8725    0.0000           5.3033    0.0000    7.5576    0.0000   -7.1957    0.0000
 1510.0  -10.7864    0.0000    4.5095    0.0000   -4.1900    0.0000           5.2317    0.0000    7.5591    0.0000   -7.0875    0.0000
 1515.0  -10.8591    0.0000    3.9683    0.0000   -3.5716    0.0000           5.1459    0.0000    7.4618    0.0000   -6.8795    0.0000
 1520.0  -10.9433    0.0000    3.4851    0.0000   -3.0326    0.0000           5.0428    0.0000    7.2851    0.0000   -6.5964    0.0000
 1525.0  -11.0369    0.0000    3.0756    0.0000   -2.5773    0.0000           4.9165    0.0000    7.0584    0.0000   -6.2659    0.0000
 1530.0  -11.1341    0.0000    2.7379    0.0000   -2.2049    0.0000           4.7694    0.0000    6.8027    0.0000   -5.9123    0.0000
 1535.0  -11.2312    0.0000    2.4658    0.0000   -1.9067    0.0000           4.5932    0.0000    6.5290    0.0000   -5.5543    0.0000
 1540.0  -11.3352    0.0000    2.2574    0.0000   -1.6703    0.0000           4.3886    0.0000    6.2613    0.0000   -5.2054    0.0000
 1545.0  -11.4298    0.0000    2.0975    0.0000   -1.4849    0.0000           4.1525    0.0000    6.0056    0.0000   -4.8757    0.0000
 1550.0  -11.5209    0.0000    1.9774    0.0000   -1.3386    0.0000           3.8806    0.0000    5.7677    0.0000   -4.5659    0.0000
 1555.0  -11.5925    0.0000    1.8922    0.0000   -1.2222    0.0000           3.5724    0.0000    5.5508    0.0000   -4.2813    0.0000
 1560.0  -11.6394    0.0000    1.8285    0.0000   -1.1279    0.0000           3.2289    0.0000    5.3554    0.0000   -4.0197    0.0000
 1565.0  -11.6551    0.0000    1.7866    0.0000   -1.0471    0.0000           2.8489    0.0000    5.1816    0.0000   -3.7798    0.0000
 1570.0  -11.6288    0.0000    1.7553    0.0000   -0.9778    0.0000           2.4394    0.0000    5.0277    0.0000   -3.5597    0.0000
 1575.0  -11.5494    0.0000    1.7365    0.0000   -0.9134    0.0000           2.0093    0.0000    4.8923    0.0000   -3.3562    0.0000
 1580.0  -11.4201    0.0000    1.7226    0.0000   -0.8527    0.0000           1.5631    0.0000    4.7777    0.0000   -3.1668    0.0000
 1585.0  -11.2227    0.0000    1.7158    0.0000   -0.7922    0.0000           1.1162    0.0000    4.6783    0.0000   -2.9885    0.0000
 1590.0  -10.9564    0.0000    1.7118    0.0000   -0.7312    0.0000           0.6855    0.0000    4.5955    0.0000   -2.8179    0.0000
 1595.0  -10.6382    0.0000    1.7102    0.0000   -0.6681    0.0000           0.2785    0.0000    4.5281    0.0000   -2.6530    0.0000
 1600.0  -10.2601    0.0000    1.7091    0.0000   -0.6033    0.0000          -0.0809    0.0000    4.4761    0.0000   -2.4895    0.0000
 1605.0   -9.8454    0.0000    1.7061    0.0000   -0.5370    0.0000          -0.3928    0.0000    4.4355    0.0000   -2.3259    0.0000
 1610.0   -9.4009    0.0000    1.7000    0.0000   -0.4709    0.0000          -0.6430    0.0000    4.4163    0.0000   -2.1576    0.0000
 1615.0   -8.9385    0.0000    1.6906    0.0000   -0.4072    0.0000          -0.8284    0.0000    4.4084    0.0000   -1.9819    0.0000
 1620.0   -8.4764    0.0000    1.6662    0.0000   -0.3513    0.0000          -0.9602    0.0000    4.4165    0.0000   -1.7969    0.0000
 1625.0   -8.0235    0.0000    1.6362    0.0000   -0.3058    0.0000          -1.0321    0.0000    4.4349    0.0000   -1.6027    0.0000
 1630.0   -7.5943    0.0000    1.5886    0.0000   -0.2795    0.0000          -1.0580    0.0000    4.4729    0.0000   -1.3986    0.0000
 1635.0   -7.1861    0.0000    1.5093    0.0000   -0.2792    0.0000          -1.0476    0.0000    4.5158    0.0000   -1.1909    0.0000
 1640.0   -6.8098    0.0000    1.4176    0.0000   -0.3068    0.0000          -0.9885    0.0000    4.5467    0.0000   -0.9882    0.0000
 1645.0   -6.4641    0.0000    1.2876    0.0000   -0.3654    0.0000          -0.9166    0.0000    4.5837    0.0000   -0.7996    0.0000
 1650.0   -6.1515    0.0000    1.1480    0.0000   -0.4476    0.0000          -0.8259    0.0000    4.5998    0.0000   -0.6364    0.0000
 1655.0   -5.8684    0.0000    0.9791    0.0000   -0.5465    0.0000          -0.7194    0.0000    4.5980    0.0000   -0.5053    0.0000
 1660.0   -5.6132    0.0000    0.8176    0.0000   -0.6482    0.0000          -0.6006    0.0000    4.5591    0.0000   -0.4086    0.0000
 1665.0   -5.3870    0.0000    0.6535    0.0000   -0.7437    0.0000          -0.4843    0.0000    4.5067    0.0000   -0.3428    0.0000
 1670.0   -5.1850    0.0000    0.5003    0.0000   -0.8256    0.0000          -0.3728    0.0000    4.4237    0.0000   -0.3016    0.0000
 1675.0   -5.0032    0.0000    0.3562    0.0000   -0.8912    0.0000          -0.2512    0.0000    4.3362    0.0000   -0.2772    0.0000
 1680.0   -4.8420    0.0000    0.2206    0.0000   -0.9409    0.0000          -0.1362    0.0000    4.2310    0.0000   -0.2635    0.0000
 1685.0   -4.6975    0.0000    0.1021    0.0000   -0.9754    0.0000          -0.0255    0.0000    4.1222    0.0000   -0.2555    0.0000
 1690.0   -4.5697    0.0000   -0.0085    0.0000   -0.9973    0.0000           0.0758    0.0000    4.0082    0.0000   -0.2497    0.0000
 1695.0   -4.4549    0.0000   -0.1091    0.0000   -1.0087    0.0000           0.1728    0.0000    3.8861    0.0000   -0.2443    0.0000
 1700.0   -4.3505    0.0000   -0.2031    0.0000   -1.0127    0.0000           0.2657    0.0000    3.7710    0.0000   -0.2377    0.0000
 1705.0   -4.2572    0.0000   -0.2800    0.0000   -1.0097    0.0000           0.3488    0.0000    3.6481    0.0000   -0.2300    0.0000
 1710.0   -4.1741    0.0000   -0.3616    0.0000   -1.0036    0.0000           0.4284    0.0000    3.5371    0.0000   -0.2200    0.0000
 1715.0   -4.0953    0.0000   -0.4250    0.0000   -0.9936    0.0000           0.4974    0.0000    3.4031    0.0000   -0.2100    0.0000
 1720.0   -4.0248    0.0000   -0.4889    0.0000   -0.9814    0.0000           0.5600    0.0000    3.2786    0.0000   -0.1985    0.0000
 1725.0   -3.9587    0.0000   -0.5434    0.0000   -0.9674    0.0000           0.6147    0.0000    3.1477    0.0000   -0.1874    0.0000
 1730.0   -3.8987    0.0000   -0.5848    0.0000   -0.9524    0.0000           0.6672    0.0000    3.0261    0.0000   -0.1751    0.0000
 1735.0   -3.8405    0.0000   -0.6346    0.0000   -0.9366    0.0000           0.7201    0.0000    2.9118    0.0000   -0.1629    0.0000
 1740.0   -3.7857    0.0000   -0.6620    0.0000   -0.9196    0.0000           0.7593    0.0000    2.7858    0.0000   -0.1515    0.0000
 1745.0   -3.7351    0.0000   -0.6958    0.0000   -0.9024    0.0000           0.7937    0.0000    2.6640    0.0000   -0.1407    0.0000
 1750.0   -3.6859    0.0000   -0.7044    0.0000   -0.8840    0.0000           0.8283    0.0000    2.5499    0.0000   -0.1309    0.0000
 1755.0   -3.6380    0.0000   -0.7304    0.0000   -0.8660    0.0000           0.8580    0.0000    2.4276    0.0000   -0.1220    0.0000
 1760.0   -3.5891    0.0000   -0.7447    0.0000   -0.8468    0.0000           0.8806    0.0000    2.3158    0.0000   -0.1137    0.0000
 1765.0   -3.5444    0.0000   -0.7499    0.0000   -0.8271    0.0000           0.9030    0.0000    2.2066    0.0000   -0.1063    0.0000
 1770.0   -3.5049    0.0000   -0.7428    0.0000   -0.8069    0.0000           0.9220    0.0000    2.0925    0.0000   -0.1005    0.0000
 1775.0   -3.4611    0.0000   -0.7489    0.0000   -0.7867    0.0000           0.9399    0.0000    1.9998    0.0000   -0.0952    0.0000
 1780.0   -3.4184    0.0000   -0.7444    0.0000   -0.7650    0.0000           0.9503    0.0000    1.9036    0.0000   -0.0908    0.0000
 1785.0   -3.3773    0.0000   -0.7393    0.0000   -0.7436    0.0000           0.9650    0.0000    1.8073    0.0000   -0.0877    0.0000
 1790.0   -3.3356    0.0000   -0.7306    0.0000   -0.7215    0.0000           0.9730    0.0000    1.7222    0.0000   -0.0853    0.0000
 1795.0   -3.3010    0.0000   -0.6984    0.0000   -0.6981    0.0000           0.9764    0.0000    1.6284    0.0000   -0.0841    0.0000
 1800.0   -3.2588    0.0000   -0.6868    0.0000   -0.6749    0.0000           0.9860    0.0000    1.5478    0.0000   -0.0833    0.0000
 1805.0   -3.2215    0.0000   -0.6653    0.0000   -0.6511    0.0000           0.9888    0.0000    1.4615    0.0000   -0.0837    0.0000
 1810.0   -3.1843    0.0000   -0.6522    0.0000   -0.6271    0.0000           0.9908    0.0000    1.3845    0.0000   -0.0846    0.0000
 1815.0   -3.1446    0.0000   -0.6376    0.0000   -0.6025    0.0000           0.9895    0.0000    1.3083    0.0000   -0.0863    0.0000
 1820.0   -3.1077    0.0000   -0.6133    0.0000   -0.5776    0.0000           0.9952    0.0000    1.2373    0.0000   -0.0887    0.0000
 1825.0   -3.0715    0.0000   -0.5813    0.0000   -0.5523    0.0000           0.9926    0.0000    1.1804    0.0000   -0.0912    0.0000
 1830.0   -3.0354    0.0000   -0.5405    0.0000   -0.5269    0.0000           0.9899    0.0000    1.1202    0.0000   -0.0946    0.0000
 1835.0   -2.9969    0.0000   -0.5133    0.0000   -0.5010    0.0000           0.9897    0.0000    1.0627    0.0000   -0.0983    0.0000
 1840.0   -2.9618    0.0000   -0.4910    0.0000   -0.4750    0.0000           0.9840    0.0000    1.0030    0.0000   -0.1028    0.0000
 1845.0   -2.9298    0.0000   -0.4768    0.0000   -0.4492    0.0000           0.9786    0.0000    0.9405    0.0000   -0.1078    0.0000
 1850.0   -2.8900    0.0000   -0.4376    0.0000   -0.4229    0.0000           0.9735    0.0000    0.8926    0.0000   -0.1129    0.0000
 1855.0   -2.8592    0.0000   -0.4165    0.0000   -0.3968    0.0000           0.9661    0.0000    0.8545    0.0000   -0.1179    0.0000
 1860.0   -2.8231    0.0000   -0.3872    0.0000   -0.3705    0.0000           0.9593    0.0000    0.8141    0.0000   -0.1234    0.0000
 1865.0   -2.7931    0.0000   -0.3712    0.0000   -0.3443    0.0000           0.9502    0.0000    0.7679    0.0000   -0.1296    0.0000
 1870.0   -2.7582    0.0000   -0.3293    0.0000   -0.3180    0.0000           0.9446    0.0000    0.7364    0.0000   -0.1358    0.0000
 1875.0   -2.7267    0.0000   -0.2984    0.0000   -0.2920    0.0000           0.9401    0.0000    0.6910    0.0000   -0.1420    0.0000
 1880.0   -2.6927    0.0000   -0.2692    0.0000   -0.2661    0.0000           0.9336    0.0000    0.6689    0.0000   -0.1486    0.0000
 1885.0   -2.6622    0.0000   -0.2344    0.0000   -0.2403    0.0000           0.9222    0.0000    0.6217    0.0000   -0.1557    0.0000
 1890.0   -2.6265    0.0000   -0.2366    0.0000   -0.2151    0.0000           0.9093    0.0000    0.5728    0.0000   -0.1625    0.0000
 1895.0   -2.5972    0.0000   -0.2082    0.0000   -0.1900    0.0000           0.9032    0.0000    0.5904    0.0000   -0.1691    0.0000
 1900.0   -2.5623    0.0000   -0.1728    0.0000   -0.1651    0.0000           0.8897    0.0000    0.5423    0.0000   -0.1762    0.0000
 1905.0   -2.5340    0.0000   -0.1380    0.0000   -0.1405    0.0000           0.8804    0.0000    0.5330    0.0000   -0.1829    0.0000
 1910.0   -2.5033    0.0000   -0.0920    0.0000   -0.1164    0.0000           0.8694    0.0000    0.5007    0.0000   -0.1901    0.0000
 1915.0   -2.4731    0.0000   -0.0726    0.0000   -0.0928    0.0000           0.8599    0.0000    0.5011    0.0000   -0.1969    0.0000
 1920.0   -2.4435    0.0000   -0.0415    0.0000   -0.0697    0.0000           0.8491    0.0000    0.4749    0.0000   -0.2041    0.0000
 1925.0   -2.4084    0.0000   -0.0384    0.0000   -0.0469    0.0000           0.8367    0.0000    0.4432    0.0000   -0.2112    0.0000
 1930.0   -2.3829    0.0000    0.0226    0.0000   -0.0249    0.0000           0.8228    0.0000    0.4416    0.0000   -0.2179    0.0000
 1935.0   -2.3520    0.0000    0.0232    0.0000   -0.0034    0.0000           0.8138    0.0000    0.4311    0.0000   -0.2246    0.0000
 1940.0   -2.3215    0.0000    0.0839    0.0000    0.0175    0.0000           0.8004    0.0000    0.4065    0.0000   -0.2313    0.0000
 1945.0   -2.2915    0.0000    0.0802    0.0000    0.0376    0.0000           0.7854    0.0000    0.4078    0.0000   -0.2379    0.0000
 1950.0   -2.2655    0.0000    0.1063    0.0000    0.0571    0.0000           0.7756    0.0000    0.3906    0.0000   -0.2444    0.0000
 1955.0   -2.2336    0.0000    0.1233    0.0000    0.0758    0.0000           0.7549    0.0000    0.3988    0.0000   -0.2507    0.0000
 1960.0   -2.2087    0.0000    0.1231    0.0000    0.0937    0.0000           0.7491    0.0000    0.3783    0.0000   -0.2570    0.0000
 1965.0   -2.1813    0.0000    0.2100    0.0000    0.1108    0.0000           0.7323    0.0000    0.3688    0.0000   -0.2630    0.0000
 1970.0   -2.1544    0.0000    0.1887    0.0000    0.1271    0.0000           0.7175    0.0000    0.3850    0.0000   -0.2688    0.0000
 1975.0   -2.1217    0.0000    0.2083    0.0000    0.1424    0.0000           0.7084    0.0000    0.3685    0.0000   -0.2746    0.0000
 1980.0   -2.0957    0.0000    0.2247    0.0000    0.1567    0.0000           0.6915    0.0000    0.3526    0.0000   -0.2800    0.0000
 1985.0   -2.0676    0.0000    0.2393    0.0000    0.1701    0.0000           0.6799    0.0000    0.4001    0.0000   -0.2851    0.0000
 1990.0   -2.0401    0.0000    0.2544    0.0000    0.1825    0.0000           0.6640    0.0000    0.3631    0.0000   -0.2902    0.0000
 1995.0   -2.0169    0.0000    0.2698    0.0000    0.1938    0.0000           0.6432    0.0000    0.3783    0.0000   -0.2950    0.0000
 2000.0   -1.9872    0.0000    0.2924    0.0000    0.2039    0.0000           0.6285    0.0000    0.3575    0.0000   -0.2995    0.0000
 2005.0   -1.9585    0.0000    0.3166    0.0000    0.2130    0.0000           0.6162    0.0000    0.3851    0.0000   -0.3039    0.0000
 2010.0   -1.9301    0.0000    0.2908    0.0000    0.2207    0.0000           0.5990    0.0000    0.3565    0.0000   -0.3080    0.0000
 2015.0   -1.9062    0.0000    0.3433    0.0000    0.2273    0.0000           0.5882    0.0000    0.3433    0.0000   -0.3118    0.0000
 2020.0   -1.8801    0.0000    0.2728    0.0000    0.2326    0.0000           0.5693    0.0000    0.3817    0.0000   -0.3154    0.0000
 2025.0   -1.8505    0.0000    0.3614    0.0000    0.2365    0.0000           0.5601    0.0000    0.3791    0.0000   -0.3186    0.0000
 2030.0   -1.8256    0.0000    0.3267    0.0000    0.2390    0.0000           0.5390    0.0000    0.3412    0.0000   -0.3217    0.0000
 2035.0   -1.8055    0.0000    0.3214    0.0000    0.2400    0.0000           0.5205    0.0000    0.3713    0.0000   -0.3245    0.0000
 2040.0   -1.7786    0.0000    0.3440    0.0000    0.2395    0.0000           0.5118    0.0000    0.3590    0.0000   -0.3269    0.0000
 2045.0   -1.7530    0.0000    0.3967    0.0000    0.2375    0.0000           0.4951    0.0000    0.3376    0.0000   -0.3290    0.0000
 2050.0   -1.7249    0.0000    0.3989    0.0000    0.2339    0.0000           0.4773    0.0000    0.3635    0.0000   -0.3310    0.0000
 2055.0   -1.7045    0.0000    0.3532    0.0000    0.2287    0.0000           0.4582    0.0000    0.4135    0.0000   -0.3325    0.0000
 2060.0   -1.6704    0.0000    0.3432    0.0000    0.2216    0.0000           0.4422    0.0000    0.3703    0.0000   -0.3337    0.0000
 2065.0   -1.6485    0.0000    0.3770    0.0000    0.2129    0.0000           0.4293    0.0000    0.4536    0.0000   -0.3349    0.0000
 2070.0   -1.6246    0.0000    0.2735    0.0000    0.2023    0.0000           0.4111    0.0000    0.3934    0.0000   -0.3355    0.0000
 2075.0   -1.5970    0.0000    0.3110    0.0000    0.1897    0.0000           0.3887    0.0000    0.4036    0.0000   -0.3358    0.0000
 2080.0   -1.5716    0.0000    0.3070    0.0000    0.1752    0.0000           0.3725    0.0000    0.4078    0.0000   -0.3358    0.0000
 2085.0   -1.5471    0.0000    0.3218    0.0000    0.1583    0.0000           0.3596    0.0000    0.4023    0.0000   -0.3355    0.0000
 2090.0   -1.5234    0.0000    0.2346    0.0000    0.1396    0.0000           0.3457    0.0000    0.4351    0.0000   -0.3344    0.0000
 2095.0   -1.4976    0.0000    0.2117    0.0000    0.1187    0.0000           0.3262    0.0000    0.3952    0.0000   -0.3335    0.0000
 2100.0   -1.4727    0.0000    0.1552    0.0000    0.0956    0.0000           0.3027    0.0000    0.4588    0.0000   -0.3322    0.0000
 2105.0   -1.4458    0.0000    0.1705    0.0000    0.0702    0.0000           0.2855    0.0000    0.4412    0.0000   -0.3301    0.0000
 2110.0   -1.4197    0.0000    0.0389    0.0000    0.0422    0.0000           0.2718    0.0000    0.4740    0.0000   -0.3281    0.0000
 2115.0   -1.3917    0.0000    0.1114    0.0000    0.0118    0.0000           0.2478    0.0000    0.4182    0.0000   -0.3253    0.0000
 2120.0   -1.3647    0.0000    0.0218    0.0000   -0.0215    0.0000           0.2320    0.0000    0.3542    0.0000   -0.3220    0.0000
 2125.0   -1.3433    0.0000    0.0358    0.0000   -0.0572    0.0000           0.2150    0.0000    0.3937    0.0000   -0.3183    0.0000
 2130.0   -1.3153    0.0000    0.0134    0.0000   -0.0959    0.0000           0.1922    0.0000    0.4158    0.0000   -0.3143    0.0000
 2135.0   -1.2854    0.0000   -0.1663    0.0000   -0.1376    0.0000           0.1808    0.0000    0.4277    0.0000   -0.3098    0.0000
 2140.0   -1.2615    0.0000   -0.1017    0.0000   -0.1821    0.0000           0.1607    0.0000    0.3884    0.0000   -0.3045    0.0000
 2145.0   -1.2387    0.0000   -0.3490    0.0000   -0.2299    0.0000           0.1393    0.0000    0.3240    0.0000   -0.2987    0.0000
 2150.0   -1.2091    0.0000   -0.2585    0.0000   -0.2802    0.0000           0.1246    0.0000    0.3905    0.0000   -0.2922    0.0000
 2155.0   -1.1830    0.0000   -0.4065    0.0000   -0.3345    0.0000           0.1038    0.0000    0.3485    0.0000   -0.2852    0.0000
 2160.0   -1.1528    0.0000   -0.5160    0.0000   -0.3916    0.0000           0.0920    0.0000    0.3477    0.0000   -0.2775    0.0000
 2165.0   -1.1263    0.0000   -0.5741    0.0000   -0.4529    0.0000           0.0636    0.0000    0.3269    0.0000   -0.2689    0.0000
 2170.0   -1.1008    0.0000   -0.5535    0.0000   -0.5171    0.0000           0.0444    0.0000    0.3243    0.0000   -0.2596    0.0000
 2175.0   -1.0740    0.0000   -0.8872    0.0000   -0.5853    0.0000           0.0319    0.0000    0.3136    0.0000   -0.2496    0.0000
 2180.0   -1.0403    0.0000   -0.8992    0.0000   -0.6573    0.0000           0.0078    0.0000    0.2969    0.0000   -0.2383    0.0000
 2185.0   -1.0132    0.0000   -1.1272    0.0000   -0.7333    0.0000          -0.0070    0.0000    0.2955    0.0000   -0.2263    0.0000
 2190.0   -0.9794    0.0000   -1.0032    0.0000   -0.8136    0.0000          -0.0338    0.0000    0.3023    0.0000   -0.2133    0.0000
 2195.0   -0.9578    0.0000   -1.2581    0.0000   -0.8983    0.0000          -0.0537    0.0000    0.2635    0.0000   -0.1990    0.0000
 2200.0   -0.9239    0.0000   -1.4191    0.0000   -0.9862    0.0000          -0.0695    0.0000    0.2668    0.0000   -0.1837    0.0000
 2205.0   -0.8943    0.0000   -1.5347    0.0000   -1.0801    0.0000          -0.0839    0.0000    0.2493    0.0000   -0.1669    0.0000
 2210.0   -0.8662    0.0000   -1.7542    0.0000   -1.1774    0.0000          -0.1078    0.0000    0.2345    0.0000   -0.1489    0.0000
 2215.0   -0.8369    0.0000   -1.9623    0.0000   -1.2796    0.0000          -0.1221    0.0000    0.2272    0.0000   -0.1290    0.0000
 2220.0   -0.8008    0.0000   -2.0192    0.0000   -1.3868    0.0000          -0.1519    0.0000    0.2348    0.0000   -0.1079    0.0000
 2225.0   -0.7695    0.0000   -2.2832    0.0000   -1.4992    0.0000          -0.1665    0.0000    0.2165    0.0000   -0.0852    0.0000
 2230.0   -0.7338    0.0000   -2.2313    0.0000   -1.6155    0.0000          -0.1909    0.0000    0.2072    0.0000   -0.0604    0.0000
 2235.0   -0.7031    0.0000   -2.5511    0.0000   -1.7386    0.0000          -0.2058    0.0000    0.1955    0.0000   -0.0337    0.0000
 2240.0   -0.6741    0.0000   -2.7324    0.0000   -1.8661    0.0000          -0.2223    0.0000    0.2114    0.0000   -0.0050    0.0000
 2245.0   -0.6357    0.0000   -3.2697    0.0000   -1.9981    0.0000          -0.2522    0.0000    0.2703    0.0000    0.0260    0.0000
 2250.0   -0.5990    0.0000   -3.3093    0.0000   -2.1368    0.0000          -0.2608    0.0000    0.1087    0.0000    0.0592    0.0000
 2255.0   -0.5615    0.0000   -3.5753    0.0000   -2.2816    0.0000          -0.2831    0.0000    0.1369    0.0000    0.0948    0.0000
 2260.0   -0.5320    0.0000   -3.7358    0.0000   -2.4312    0.0000          -0.3072    0.0000    0.1548    0.0000    0.1333    0.0000
 2265.0   -0.4932    0.0000   -3.9220    0.0000   -2.5868    0.0000          -0.3157    0.0000    0.1446    0.0000    0.1747    0.0000
 2270.0   -0.4563    0.0000   -4.2139    0.0000   -2.7473    0.0000          -0.3448    0.0000    0.3176    0.0000    0.2193    0.0000
 2275.0   -0.4213    0.0000   -4.7446    0.0000   -2.9158    0.0000          -0.3584    0.0000    0.2724    0.0000    0.2668    0.0000
 2280.0   -0.3770    0.0000   -4.8684    0.0000   -3.0894    0.0000          -0.3803    0.0000    0.2360    0.0000    0.3178    0.0000
 2285.0   -0.3411    0.0000   -5.3229    0.0000   -3.2695    0.0000          -0.4019    0.0000    0.2071    0.0000    0.3725    0.0000
 2290.0   -0.2983    0.0000   -5.5838    0.0000   -3.4549    0.0000          -0.4078    0.0000    0.4097    0.0000    0.4310    0.0000
 2295.0   -0.2641    0.0000   -5.8573    0.0000   -3.6490    0.0000          -0.4355    0.0000    0.2918    0.0000    0.4932    0.0000
 2300.0   -0.2141    0.0000   -6.0099    0.0000   -3.8477    0.0000          -0.4477    0.0000    0.3307    0.0000    0.5599    0.0000
 2305.0   -0.1728    0.0000   -6.8566    0.0000   -4.0527    0.0000          -0.4598    0.0000    0.2786    0.0000    0.6312    0.0000
 2310.0   -0.1337    0.0000   -6.8137    0.0000   -4.2656    0.0000          -0.4788    0.0000    0.4673    0.0000    0.7071    0.0000
 2315.0   -0.0944    0.0000   -7.2282    0.0000   -4.4843    0.0000          -0.4957    0.0000    0.5583    0.0000    0.7878    0.0000
 2320.0   -0.0414    0.0000   -7.7733    0.0000   -4.7100    0.0000          -0.5063    0.0000    0.8163    0.0000    0.8744    0.0000
 2325.0    0.0026    0.0000   -8.0849    0.0000   -4.9415    0.0000          -0.5219    0.0000    0.7010    0.0000    0.9656    0.0000
 2330.0    0.0466    0.0000   -8.5227    0.0000   -5.1806    0.0000          -0.5382    0.0000    0.8475    0.0000    1.0625    0.0000
 2335.0    0.0953    0.0000   -9.1091    0.0000   -5.4265    0.0000          -0.5461    0.0000    0.7688    0.0000    1.1663    0.0000
 2340.0    0.1419    0.0000   -9.5485    0.0000   -5.6778    0.0000          -0.5548    0.0000    1.0554    0.0000    1.2756    0.0000
 2345.0    0.1883    0.0000  -10.0409    0.0000   -5.9386    0.0000          -0.5695    0.0000    1.1210    0.0000    1.3918    0.0000
 2350.0    0.2401    0.0000  -10.7738    0.0000   -6.2032    0.0000          -0.5832    0.0000    1.1692    0.0000    1.5144    0.0000
 2355.0    0.2981    0.0000  -10.8618    0.0000   -6.4762    0.0000          -0.5962    0.0000    1.4983    0.0000    1.6439    0.0000
 2360.0    0.3453    0.0000  -11.1969    0.0000   -6.7547    0.0000          -0.6014    0.0000    1.2728    0.0000    1.7807    0.0000
 2365.0    0.3996    0.0000  -12.0112    0.0000   -7.0411    0.0000          -0.6061    0.0000    1.7532    0.0000    1.9255    0.0000
 2370.0    0.4489    0.0000  -12.7942    0.0000   -7.3323    0.0000          -0.6031    0.0000    1.6559    0.0000    2.0784    0.0000
 2375.0    0.5042    0.0000  -13.3224    0.0000   -7.6301    0.0000          -0.6149    0.0000    1.8615    0.0000    2.2394    0.0000
 2380.0    0.5573    0.0000  -13.5689    0.0000   -7.9355    0.0000          -0.6195    0.0000    2.0396    0.0000    2.4082    0.0000
 2385.0    0.6159    0.0000  -14.2500    0.0000   -8.2442    0.0000          -0.6224    0.0000    2.8697    0.0000    2.5873    0.0000
 2390.0    0.6704    0.0000  -14.9893    0.0000   -8.5613    0.0000          -0.6107    0.0000    2.4001    0.0000    2.7732    0.0000
 2395.0    0.7307    0.0000  -15.5955    0.0000   -8.8845    0.0000          -0.6150    0.0000    3.0597    0.0000    2.9703    0.0000
 2400.0    0.7871    0.0000  -16.0227    0.0000   -9.2119    0.0000          -0.6125    0.0000    3.2185    0.0000    3.1761    0.0000
 2405.0    0.8476    0.0000  -16.3102    0.0000   -9.5445    0.0000          -0.6014    0.0000    3.3607    0.0000    3.3908    0.0000
 2410.0    0.9036    0.0000  -17.1721    0.0000   -9.8854    0.0000          -0.6076    0.0000    3.8401    0.0000    3.6164    0.0000
 2415.0    0.9649    0.0000  -17.5410    0.0000  -10.2300    0.0000          -0.6012    0.0000    4.1413    0.0000    3.8532    0.0000
 2420.0    1.0228    0.0000  -18.6295    0.0000  -10.5800    0.0000          -0.5899    0.0000    4.0557    0.0000    4.0981    0.0000
 2425.0    1.0837    0.0000  -19.1569    0.0000  -10.9321    0.0000          -0.5643    0.0000    4.8744    0.0000    4.3550    0.0000
 2430.0    1.1408    0.0000  -19.8180    0.0000  -11.2931    0.0000          -0.5589    0.0000    5.5143    0.0000    4.6242    0.0000
 2435.0    1.2022    0.0000  -20.4691    0.0000  -11.6552    0.0000          -0.5378    0.0000    5.1813    0.0000    4.9023    0.0000
 2440.0    1.2668    0.0000  -20.9925    0.0000  -12.0208    0.0000          -0.5176    0.0000    5.7957    0.0000    5.1934    0.0000
 2445.0    1.3271    0.0000  -22.1876    0.0000  -12.3946    0.0000          -0.4994    0.0000    6.4058    0.0000    5.4959    0.0000
 2450.0    1.3725    0.0000  -22.7916    0.0000  -12.7679    0.0000          -0.4808    0.0000    7.0124    0.0000    5.8101    0.0000
 2455.0    1.4029    0.0000  -22.7702    0.0000  -13.1400    0.0000          -0.4621    0.0000    7.6148    0.0000    6.1363    0.0000
 2460.0    1.4184    0.0000  -22.0890    0.0000  -13.5105    0.0000          -0.4435    0.0000    8.2121    0.0000    6.4748    0.0000
 2465.0    1.4190    0.0000  -20.7123    0.0000  -13.8789    0.0000          -0.4250    0.0000    8.8034    0.0000    6.8257    0.0000
 2470.0    1.4048    0.0000  -18.6033    0.0000  -14.2444    0.0000          -0.4069    0.0000    9.3878    0.0000    7.1896    0.0000
 2475.0    1.3757    0.0000  -15.7251    0.0000  -14.6064    0.0000          -0.3895    0.0000    9.9649    0.0000    7.5665    0.0000
 2480.0    1.3319    0.0000  -12.0386    0.0000  -14.9644    0.0000          -0.3728    0.0000   10.5332    0.0000    7.9570    0.0000
 2485.0    1.2734    0.0000   -7.5039    0.0000  -15.3176    0.0000          -0.3571    0.0000   11.0919    0.0000    8.3612    0.0000
 2490.0    1.2002    0.0000   -2.0826    0.0000  -15.6654    0.0000          -0.3426    0.0000   11.6411    0.0000    8.7794    0.0000
 2495.0    1.1125    0.0000    4.2689    0.0000  -16.0070    0.0000          -0.3295    0.0000   12.1786    0.0000    9.2121    0.0000
 2500.0    1.0103    0.0000   11.5919    0.0000  -16.3417    0.0000          -0.3180    0.0000   12.7037    0.0000    9.6596    0.0000
