!  MA19 2000 MEV P(200) CHI/DP=51634/25553                SM05   10/ 7/19
!                    PI0P Waves for L= 1   10/ 7/19
!  WCM     P33  pE   P33  pM   P13  pE   P13  pM   P13  nE   P13  nM
 1080.0   -1.3042    5.1807    0.8218   -0.8066   -0.8466    1.1210          -0.0013    0.0050   -0.0001    0.0001    0.0001   -0.0001
 1085.0   -1.6471    7.4155    1.0428   -1.0497   -1.0903    1.4552          -0.0086    0.0389   -0.0007    0.0007    0.0007   -0.0009
 1090.0   -1.8981    9.3264    1.1975   -1.2326   -1.2671    1.7077          -0.0246    0.1208   -0.0016    0.0017    0.0017   -0.0023
 1095.0   -2.0991   11.0111    1.3134   -1.3795   -1.4043    1.9123          -0.0468    0.2456   -0.0030    0.0031    0.0032   -0.0043
 1100.0   -2.2647   12.6112    1.4032   -1.5012   -1.5144    2.0837          -0.0762    0.4243   -0.0046    0.0049    0.0050   -0.0068
 1105.0   -2.4045   14.1742    1.4742   -1.6041   -1.6046    2.2307          -0.1129    0.6655   -0.0065    0.0070    0.0070   -0.0098
 1110.0   -2.5244   15.7291    1.5311   -1.6921   -1.6796    2.3584          -0.1572    0.9798   -0.0085    0.0094    0.0093   -0.0131
 1115.0   -2.6282   17.2956    1.5769   -1.7677   -1.7423    2.4702          -0.2096    1.3796   -0.0107    0.0120    0.0118   -0.0168
 1120.0   -2.7184   18.8872    1.6139   -1.8331   -1.7951    2.5692          -0.2706    1.8800   -0.0131    0.0149    0.0145   -0.0208
 1125.0   -2.7965   20.5132    1.6440   -1.8899   -1.8398    2.6571          -0.3406    2.4987   -0.0155    0.0179    0.0174   -0.0251
 1130.0   -2.8631   22.1793    1.6683   -1.9393   -1.8778    2.7357          -0.4204    3.2568   -0.0181    0.0210    0.0203   -0.0296
 1135.0   -2.9184   23.8866    1.6875   -1.9816   -1.9095    2.8054          -0.5106    4.1792   -0.0207    0.0243    0.0234   -0.0344
 1140.0   -2.9618   25.6318    1.7030   -2.0184   -1.9365    2.8682          -0.6118    5.2951   -0.0234    0.0277    0.0266   -0.0393
 1145.0   -2.9920   27.4050    1.7151   -2.0500   -1.9590    2.9243          -0.7247    6.6381   -0.0261    0.0311    0.0298   -0.0444
 1150.0   -3.0073   29.1879    1.7242   -2.0767   -1.9775    2.9744          -0.8496    8.2463   -0.0288    0.0347    0.0330   -0.0497
 1155.0   -3.0052   30.9509    1.7310   -2.0993   -1.9928    3.0194          -0.9866   10.1617   -0.0315    0.0383    0.0363   -0.0550
 1160.0   -2.9822   32.6497    1.7359   -2.1183   -2.0051    3.0598          -1.1352   12.4282   -0.0343    0.0419    0.0396   -0.0605
 1165.0   -2.9344   34.2214    1.7387   -2.1335   -2.0145    3.0955          -1.2939   15.0889   -0.0370    0.0454    0.0429   -0.0659
 1170.0   -2.8574   35.5802    1.7404   -2.1459   -2.0219    3.1277          -1.4599   18.1794   -0.0398    0.0491    0.0462   -0.0715
 1175.0   -2.7461   36.6143    1.7406   -2.1553   -2.0270    3.1561          -1.6290   21.7197   -0.0425    0.0527    0.0495   -0.0771
 1180.0   -2.5961   37.1867    1.7397   -2.1621   -2.0301    3.1812          -1.7942   25.7009   -0.0452    0.0562    0.0528   -0.0827
 1185.0   -2.4041   37.1405    1.7378   -2.1663   -2.0313    3.2030          -1.9464   30.0698   -0.0480    0.0598    0.0561   -0.0884
 1190.0   -2.1696   36.3144    1.7352   -2.1684   -2.0311    3.2222          -2.0739   34.7126   -0.0506    0.0633    0.0593   -0.0940
 1195.0   -1.8959   34.5694    1.7320   -2.1687   -2.0295    3.2390          -2.1633   39.4450   -0.0533    0.0667    0.0624   -0.0996
 1200.0   -1.5917   31.8237    1.7281   -2.1669   -2.0265    3.2533          -2.2015   44.0145   -0.0559    0.0701    0.0655   -0.1052
 1205.0   -1.2712   28.0902    1.7236   -2.1634   -2.0222    3.2653          -2.1779   48.1247   -0.0585    0.0734    0.0686   -0.1108
 1210.0   -0.9528   23.4981    1.7188   -2.1583   -2.0170    3.2753          -2.0875   51.4812   -0.0610    0.0766    0.0716   -0.1163
 1215.0   -0.6564   18.2887    1.7135   -2.1517   -2.0106    3.2834          -1.9326   53.8485   -0.0635    0.0798    0.0745   -0.1217
 1220.0   -0.3997   12.7754    1.7078   -2.1437   -2.0032    3.2894          -1.7227   55.0940   -0.0660    0.0829    0.0774   -0.1271
 1225.0   -0.1951    7.2908    1.7019   -2.1345   -1.9951    3.2941          -1.4728   55.2158   -0.0682    0.0857    0.0802   -0.1324
 1230.0   -0.0480    2.1271    1.6957   -2.1240   -1.9860    3.2970          -1.2011   54.3379   -0.0704    0.0885    0.0829   -0.1376
 1235.0    0.0428   -2.5090    1.6895   -2.1126   -1.9764    3.2987          -0.9242   52.6533   -0.0726    0.0912    0.0855   -0.1427
 1240.0    0.0833   -6.5039    1.6829   -2.1000   -1.9660    3.2989          -0.6557   50.3835   -0.0747    0.0938    0.0880   -0.1477
 1245.0    0.0818   -9.8248    1.6762   -2.0865   -1.9549    3.2977          -0.4049   47.7408   -0.0768    0.0963    0.0905   -0.1526
 1250.0    0.0478  -12.4984    1.6694   -2.0722   -1.9434    3.2955          -0.1772   44.9049   -0.0788    0.0986    0.0928   -0.1574
 1255.0   -0.0102  -14.5863    1.6625   -2.0570   -1.9313    3.2920           0.0250   42.0143   -0.0808    0.1009    0.0951   -0.1621
 1260.0   -0.0848  -16.1667    1.6554   -2.0409   -1.9185    3.2873           0.2017   39.1677   -0.0827    0.1030    0.0972   -0.1667
 1265.0   -0.1699  -17.3204    1.6483   -2.0243   -1.9055    3.2819           0.3542   36.4293   -0.0846    0.1051    0.0993   -0.1711
 1270.0   -0.2610  -18.1234    1.6411   -2.0070   -1.8919    3.2754           0.4846   33.8378   -0.0864    0.1069    0.1012   -0.1755
 1275.0   -0.3547  -18.6429    1.6338   -1.9889   -1.8779    3.2679           0.5953   31.4123   -0.0882    0.1087    0.1031   -0.1797
 1280.0   -0.4485  -18.9359    1.6265   -1.9704   -1.8637    3.2597           0.6887   29.1592   -0.0899    0.1104    0.1049   -0.1838
 1285.0   -0.5409  -19.0500    1.6192   -1.9514   -1.8491    3.2507           0.7670   27.0765   -0.0916    0.1119    0.1066   -0.1877
 1290.0   -0.6307  -19.0239    1.6119   -1.9319   -1.8343    3.2411           0.8324   25.1570   -0.0933    0.1134    0.1081   -0.1916
 1295.0   -0.7171  -18.8885    1.6045   -1.9119   -1.8192    3.2307           0.8866   23.3908   -0.0949    0.1147    0.1096   -0.1952
 1300.0   -0.7999  -18.6689    1.5971   -1.8915   -1.8038    3.2195           0.9313   21.7664   -0.0965    0.1159    0.1110   -0.1988
 1305.0   -0.8787  -18.3848    1.5898   -1.8707   -1.7883    3.2078           0.9677   20.2722   -0.0980    0.1170    0.1122   -0.2022
 1310.0   -0.9535  -18.0518    1.5823   -1.8495   -1.7725    3.1955           0.9971   18.8969   -0.0995    0.1180    0.1134   -0.2055
 1315.0   -1.0244  -17.6821    1.5749   -1.8279   -1.7565    3.1824           1.0203   17.6294   -0.1010    0.1189    0.1144   -0.2086
 1320.0   -1.0914  -17.2854    1.5675   -1.8061   -1.7404    3.1690           1.0384   16.4598   -0.1025    0.1196    0.1154   -0.2116
 1325.0   -1.1547  -16.8694    1.5601   -1.7840   -1.7242    3.1549           1.0519   15.3787   -0.1039    0.1203    0.1163   -0.2145
 1330.0   -1.2145  -16.4399    1.5527   -1.7617   -1.7079    3.1406           1.0614   14.3778   -0.1053    0.1209    0.1170   -0.2171
 1335.0   -1.2708  -16.0015    1.5454   -1.7391   -1.6916    3.1256           1.0675   13.4496   -0.1067    0.1214    0.1176   -0.2197
 1340.0   -1.3240  -15.5577    1.5380   -1.7161   -1.6750    3.1101           1.0706   12.5871   -0.1080    0.1218    0.1182   -0.2221
 1345.0   -1.3740  -15.1114    1.5307   -1.6931   -1.6585    3.0943           1.0710   11.7843   -0.1094    0.1221    0.1186   -0.2244
 1350.0   -1.4212  -14.6646    1.5234   -1.6698   -1.6420    3.0780           1.0691   11.0357   -0.1107    0.1223    0.1190   -0.2266
 1355.0   -1.4656  -14.2187    1.5163   -1.6464   -1.6255    3.0615           1.0651   10.3365   -0.1120    0.1224    0.1192   -0.2286
 1360.0   -1.5074  -13.7751    1.5092   -1.6228   -1.6089    3.0445           1.0593    9.6822   -0.1133    0.1225    0.1193   -0.2304
 1365.0   -1.5467  -13.3344    1.5022   -1.5992   -1.5924    3.0273           1.0518    9.0691   -0.1146    0.1225    0.1194   -0.2322
 1370.0   -1.5836  -12.8974    1.4953   -1.5753   -1.5759    3.0096           1.0428    8.4937   -0.1159    0.1225    0.1193   -0.2337
 1375.0   -1.6182  -12.4642    1.4883   -1.5513   -1.5594    2.9914           1.0325    7.9529   -0.1172    0.1224    0.1191   -0.2352
 1380.0   -1.6507  -12.0352    1.4816   -1.5273   -1.5430    2.9731           1.0210    7.4441   -0.1185    0.1222    0.1188   -0.2365
 1385.0   -1.6811  -11.6105    1.4752   -1.5033   -1.5268    2.9546           1.0084    6.9648   -0.1197    0.1221    0.1184   -0.2378
 1390.0   -1.7095  -11.1902    1.4686   -1.4790   -1.5104    2.9354           0.9949    6.5129   -0.1209    0.1218    0.1179   -0.2388
 1395.0   -1.7359  -10.7742    1.4624   -1.4549   -1.4944    2.9164           0.9805    6.0865   -0.1221    0.1216    0.1173   -0.2398
 1400.0   -1.7605  -10.3625    1.4564   -1.4306   -1.4784    2.8970           0.9652    5.6840   -0.1233    0.1213    0.1166   -0.2406
 1405.0   -1.7831   -9.9552    1.4504   -1.4063   -1.4624    2.8771           0.9493    5.3040   -0.1244    0.1210    0.1158   -0.2413
 1410.0   -1.8040   -9.5521    1.4448   -1.3821   -1.4466    2.8571           0.9327    4.9450   -0.1254    0.1207    0.1149   -0.2418
 1415.0   -1.8231   -9.1533    1.4393   -1.3578   -1.4309    2.8368           0.9155    4.6060   -0.1264    0.1203    0.1138   -0.2423
 1420.0   -1.8404   -8.7589    1.4341   -1.3335   -1.4154    2.8164           0.8979    4.2860   -0.1272    0.1200    0.1127   -0.2426
 1425.0   -1.8560   -8.3688    1.4292   -1.3093   -1.4000    2.7955           0.8798    3.9841   -0.1280    0.1196    0.1114   -0.2428
 1430.0   -1.8700   -7.9831    1.4245   -1.2851   -1.3849    2.7746           0.8614    3.6994   -0.1287    0.1192    0.1101   -0.2429
 1435.0   -1.8823   -7.6020    1.4201   -1.2610   -1.3698    2.7534           0.8427    3.4313   -0.1292    0.1189    0.1086   -0.2429
 1440.0   -1.8929   -7.2255    1.4161   -1.2369   -1.3550    2.7320           0.8237    3.1791   -0.1296    0.1185    0.1070   -0.2428
 1445.0   -1.9019   -6.8539    1.4124   -1.2129   -1.3403    2.7103           0.8045    2.9422   -0.1298    0.1181    0.1053   -0.2425
 1450.0   -1.9094   -6.4874    1.4089   -1.1889   -1.3257    2.6882           0.7853    2.7201   -0.1299    0.1178    0.1034   -0.2422
 1455.0   -1.9152   -6.1262    1.4059   -1.1651   -1.3114    2.6661           0.7660    2.5122   -0.1297    0.1175    0.1015   -0.2418
 1460.0   -1.9196   -5.7707    1.4033   -1.1414   -1.2974    2.6440           0.7467    2.3182   -0.1292    0.1172    0.0994   -0.2413
 1465.0   -1.9224   -5.4211    1.4009   -1.1177   -1.2834    2.6212           0.7275    2.1375   -0.1286    0.1170    0.0972   -0.2407
 1470.0   -1.9238   -5.0777    1.3991   -1.0943   -1.2698    2.5986           0.7084    1.9698   -0.1276    0.1168    0.0949   -0.2400
 1475.0   -1.9237   -4.7410    1.3975   -1.0709   -1.2563    2.5755           0.6895    1.8146   -0.1263    0.1166    0.0924   -0.2392
 1480.0   -1.9222   -4.4113    1.3964   -1.0477   -1.2430    2.5523           0.6708    1.6716   -0.1246    0.1164    0.0898   -0.2384
 1485.0   -1.9194   -4.0890    1.3957   -1.0247   -1.2299    2.5288           0.6524    1.5403   -0.1225    0.1164    0.0871   -0.2375
 1490.0   -1.9152   -3.7744    1.3955   -1.0018   -1.2170    2.5050           0.6343    1.4203   -0.1201    0.1163    0.0843   -0.2366
 1495.0   -1.9098   -3.4680    1.3957   -0.9792   -1.2045    2.4812           0.6166    1.3112   -0.1171    0.1164    0.0813   -0.2356
 1500.0   -1.9032   -3.1702    1.3963   -0.9566   -1.1919    2.4569           0.5994    1.2127   -0.1137    0.1165    0.0782   -0.2347
 1505.0   -1.8954   -2.8813    1.3974   -0.9344   -1.1798    2.4326           0.5826    1.1242   -0.1096    0.1166    0.0749   -0.2337
 1510.0   -1.8866   -2.6016    1.3988   -0.9122   -1.1677    2.4078           0.5663    1.0454   -0.1050    0.1168    0.0715   -0.2327
 1515.0   -1.8767   -2.3316    1.4007   -0.8905   -1.1559    2.3832           0.5506    0.9758   -0.0998    0.1171    0.0679   -0.2318
 1520.0   -1.8659   -2.0714    1.4030   -0.8689   -1.1442    2.3580           0.5354    0.9149   -0.0938    0.1175    0.0642   -0.2308
 1525.0   -1.8541   -1.8215    1.4058   -0.8476   -1.1328    2.3327           0.5208    0.8623   -0.0871    0.1180    0.0604   -0.2300
 1530.0   -1.8416   -1.5820    1.4088   -0.8266   -1.1214    2.3069           0.5068    0.8175   -0.0796    0.1185    0.0564   -0.2292
 1535.0   -1.8283   -1.3531    1.4122   -0.8059   -1.1103    2.2811           0.4934    0.7800   -0.0713    0.1191    0.0522   -0.2285
 1540.0   -1.8144   -1.1349    1.4159   -0.7854   -1.0994    2.2550           0.4807    0.7493   -0.0620    0.1197    0.0479   -0.2280
 1545.0   -1.7998   -0.9276    1.4198   -0.7654   -1.0885    2.2287           0.4686    0.7249   -0.0518    0.1205    0.0435   -0.2275
 1550.0   -1.7847   -0.7313    1.4239   -0.7457   -1.0778    2.2022           0.4571    0.7064   -0.0405    0.1213    0.0389   -0.2273
 1555.0   -1.7692   -0.5458    1.4282   -0.7263   -1.0673    2.1755           0.4462    0.6932   -0.0282    0.1222    0.0342   -0.2273
 1560.0   -1.7533   -0.3713    1.4325   -0.7073   -1.0567    2.1485           0.4359    0.6849   -0.0148    0.1231    0.0294   -0.2274
 1565.0   -1.7370   -0.2075    1.4370   -0.6888   -1.0464    2.1213           0.4263    0.6809   -0.0002    0.1240    0.0244   -0.2279
 1570.0   -1.7205   -0.0544    1.4413   -0.6707   -1.0361    2.0941           0.4172    0.6808    0.0156    0.1251    0.0193   -0.2286
 1575.0   -1.7038    0.0882    1.4453   -0.6530   -1.0259    2.0667           0.4087    0.6842    0.0327    0.1260    0.0141   -0.2296
 1580.0   -1.6870    0.2206    1.4492   -0.6358   -1.0157    2.0392           0.4008    0.6905    0.0510    0.1270    0.0088   -0.2309
 1585.0   -1.6701    0.3430    1.4526   -0.6190   -1.0055    2.0116           0.3934    0.6995    0.0706    0.1280    0.0034   -0.2326
 1590.0   -1.6532    0.4558    1.4554   -0.6027   -0.9953    1.9838           0.3865    0.7106    0.0914    0.1289   -0.0020   -0.2346
 1595.0   -1.6363    0.5592    1.4578   -0.5870   -0.9852    1.9561           0.3800    0.7235    0.1136    0.1298   -0.0075   -0.2371
 1600.0   -1.6194    0.6537    1.4592   -0.5717   -0.9750    1.9283           0.3739    0.7378    0.1370    0.1306   -0.0130   -0.2401
 1605.0   -1.6027    0.7396    1.4597   -0.5569   -0.9648    1.9007           0.3683    0.7532    0.1615    0.1312   -0.0184   -0.2433
 1610.0   -1.5860    0.8174    1.4593   -0.5427   -0.9546    1.8732           0.3631    0.7694    0.1872    0.1316   -0.0239   -0.2471
 1615.0   -1.5695    0.8875    1.4576   -0.5289   -0.9443    1.8459           0.3581    0.7860    0.2140    0.1320   -0.0292   -0.2513
 1620.0   -1.5532    0.9503    1.4548   -0.5157   -0.9340    1.8188           0.3535    0.8029    0.2417    0.1321   -0.0345   -0.2560
 1625.0   -1.5371    1.0063    1.4501   -0.5029   -0.9236    1.7918           0.3492    0.8198    0.2703    0.1320   -0.0396   -0.2611
 1630.0   -1.5213    1.0559    1.4442   -0.4906   -0.9132    1.7652           0.3451    0.8365    0.2995    0.1316   -0.0446   -0.2666
 1635.0   -1.5056    1.0997    1.4368   -0.4788   -0.9028    1.7392           0.3412    0.8527    0.3292    0.1308   -0.0494   -0.2724
 1640.0   -1.4901    1.1380    1.4274   -0.4673   -0.8923    1.7133           0.3375    0.8684    0.3594    0.1298   -0.0540   -0.2788
 1645.0   -1.4749    1.1713    1.4166   -0.4564   -0.8819    1.6881           0.3339    0.8834    0.3897    0.1284   -0.0583   -0.2854
 1650.0   -1.4599    1.2001    1.4038   -0.4457   -0.8714    1.6634           0.3305    0.8976    0.4200    0.1267   -0.0623   -0.2922
 1655.0   -1.4452    1.2248    1.3893   -0.4354   -0.8610    1.6391           0.3272    0.9109    0.4501    0.1246   -0.0660   -0.2993
 1660.0   -1.4307    1.2457    1.3728   -0.4254   -0.8506    1.6154           0.3240    0.9232    0.4798    0.1221   -0.0694   -0.3067
 1665.0   -1.4164    1.2633    1.3547   -0.4156   -0.8403    1.5924           0.3208    0.9344    0.5088    0.1192   -0.0724   -0.3140
 1670.0   -1.4022    1.2780    1.3352   -0.4061   -0.8301    1.5699           0.3177    0.9446    0.5372    0.1160   -0.0751   -0.3216
 1675.0   -1.3883    1.2902    1.3138   -0.3968   -0.8201    1.5481           0.3146    0.9536    0.5645    0.1123   -0.0774   -0.3290
 1680.0   -1.3746    1.3001    1.2912   -0.3876   -0.8103    1.5269           0.3116    0.9616    0.5908    0.1083   -0.0793   -0.3364
 1685.0   -1.3610    1.3082    1.2673   -0.3785   -0.8006    1.5061           0.3085    0.9684    0.6158    0.1039   -0.0809   -0.3438
 1690.0   -1.3476    1.3146    1.2422   -0.3695   -0.7912    1.4859           0.3054    0.9741    0.6394    0.0992   -0.0821   -0.3509
 1695.0   -1.3344    1.3198    1.2161   -0.3605   -0.7820    1.4663           0.3024    0.9787    0.6615    0.0942   -0.0829   -0.3579
 1700.0   -1.3212    1.3239    1.1892   -0.3517   -0.7732    1.4473           0.2993    0.9822    0.6821    0.0890   -0.0834   -0.3646
 1705.0   -1.3082    1.3272    1.1615   -0.3428   -0.7647    1.4288           0.2961    0.9848    0.7010    0.0835   -0.0836   -0.3710
 1710.0   -1.2952    1.3299    1.1334   -0.3339   -0.7564    1.4106           0.2930    0.9863    0.7182    0.0778   -0.0834   -0.3770
 1715.0   -1.2824    1.3322    1.1050   -0.3250   -0.7486    1.3931           0.2898    0.9870    0.7338    0.0719   -0.0830   -0.3827
 1720.0   -1.2696    1.3344    1.0764   -0.3161   -0.7411    1.3758           0.2865    0.9868    0.7477    0.0658   -0.0823   -0.3879
 1725.0   -1.2568    1.3364    1.0478   -0.3071   -0.7340    1.3586           0.2832    0.9857    0.7600    0.0597   -0.0813   -0.3928
 1730.0   -1.2441    1.3386    1.0194   -0.2982   -0.7272    1.3419           0.2799    0.9839    0.7707    0.0535   -0.0802   -0.3973
 1735.0   -1.2314    1.3410    0.9908   -0.2892   -0.7208    1.3255           0.2766    0.9814    0.7800    0.0472   -0.0788   -0.4015
 1740.0   -1.2187    1.3437    0.9632   -0.2802   -0.7148    1.3091           0.2732    0.9783    0.7876    0.0409   -0.0773   -0.4051
 1745.0   -1.2060    1.3468    0.9358   -0.2713   -0.7092    1.2929           0.2698    0.9746    0.7940    0.0346   -0.0756   -0.4084
 1750.0   -1.1933    1.3504    0.9088   -0.2623   -0.7039    1.2769           0.2663    0.9704    0.7990    0.0284   -0.0738   -0.4113
 1755.0   -1.1806    1.3546    0.8826   -0.2534   -0.6989    1.2609           0.2628    0.9657    0.8026    0.0222   -0.0719   -0.4137
 1760.0   -1.1678    1.3593    0.8572   -0.2445   -0.6943    1.2448           0.2593    0.9606    0.8051    0.0161   -0.0699   -0.4158
 1765.0   -1.1551    1.3647    0.8323   -0.2357   -0.6900    1.2290           0.2558    0.9552    0.8067    0.0101   -0.0678   -0.4176
 1770.0   -1.1422    1.3707    0.8084   -0.2270   -0.6860    1.2130           0.2523    0.9494    0.8072    0.0042   -0.0657   -0.4190
 1775.0   -1.1294    1.3774    0.7853   -0.2184   -0.6824    1.1970           0.2488    0.9435    0.8067   -0.0016   -0.0635   -0.4201
 1780.0   -1.1164    1.3848    0.7629   -0.2099   -0.6789    1.1811           0.2453    0.9373    0.8054   -0.0073   -0.0613   -0.4208
 1785.0   -1.1035    1.3928    0.7412   -0.2016   -0.6758    1.1651           0.2418    0.9310    0.8033   -0.0128   -0.0591   -0.4213
 1790.0   -1.0904    1.4015    0.7209   -0.1934   -0.6729    1.1488           0.2383    0.9246    0.8006   -0.0181   -0.0569   -0.4216
 1795.0   -1.0774    1.4109    0.7009   -0.1855   -0.6702    1.1328           0.2348    0.9181    0.7972   -0.0234   -0.0547   -0.4216
 1800.0   -1.0642    1.4208    0.6821   -0.1776   -0.6677    1.1164           0.2313    0.9116    0.7933   -0.0284   -0.0525   -0.4213
 1805.0   -1.0510    1.4313    0.6640   -0.1700   -0.6654    1.1000           0.2279    0.9051    0.7889   -0.0333   -0.0503   -0.4209
 1810.0   -1.0378    1.4424    0.6469   -0.1627   -0.6633    1.0835           0.2245    0.8987    0.7842   -0.0380   -0.0481   -0.4204
 1815.0   -1.0245    1.4541    0.6305   -0.1556   -0.6612    1.0669           0.2212    0.8923    0.7790   -0.0426   -0.0460   -0.4196
 1820.0   -1.0112    1.4661    0.6147   -0.1487   -0.6593    1.0503           0.2179    0.8860    0.7734   -0.0470   -0.0439   -0.4186
 1825.0   -0.9978    1.4786    0.5999   -0.1421   -0.6576    1.0334           0.2146    0.8798    0.7675   -0.0513   -0.0419   -0.4176
 1830.0   -0.9844    1.4915    0.5855   -0.1358   -0.6558    1.0166           0.2114    0.8737    0.7614   -0.0553   -0.0399   -0.4164
 1835.0   -0.9710    1.5047    0.5719   -0.1298   -0.6542    0.9997           0.2082    0.8678    0.7550   -0.0593   -0.0379   -0.4151
 1840.0   -0.9575    1.5183    0.5592   -0.1241   -0.6527    0.9826           0.2051    0.8621    0.7484   -0.0630   -0.0360   -0.4136
 1845.0   -0.9440    1.5320    0.5469   -0.1187   -0.6512    0.9655           0.2021    0.8565    0.7416   -0.0666   -0.0341   -0.4121
 1850.0   -0.9305    1.5460    0.5358   -0.1137   -0.6497    0.9480           0.1991    0.8511    0.7348   -0.0701   -0.0323   -0.4107
 1855.0   -0.9170    1.5601    0.5248   -0.1090   -0.6481    0.9307           0.1962    0.8459    0.7277   -0.0734   -0.0305   -0.4089
 1860.0   -0.9035    1.5743    0.5144   -0.1046   -0.6465    0.9132           0.1934    0.8408    0.7205   -0.0765   -0.0288   -0.4073
 1865.0   -0.8901    1.5886    0.5045   -0.1006   -0.6450    0.8958           0.1906    0.8360    0.7133   -0.0796   -0.0271   -0.4055
 1870.0   -0.8766    1.6029    0.4952   -0.0970   -0.6433    0.8782           0.1880    0.8314    0.7061   -0.0825   -0.0255   -0.4039
 1875.0   -0.8632    1.6171    0.4866   -0.0938   -0.6416    0.8604           0.1853    0.8270    0.6986   -0.0852   -0.0239   -0.4020
 1880.0   -0.8498    1.6313    0.4781   -0.0908   -0.6397    0.8426           0.1828    0.8227    0.6913   -0.0878   -0.0223   -0.4002
 1885.0   -0.8365    1.6454    0.4704   -0.0883   -0.6378    0.8247           0.1803    0.8187    0.6838   -0.0904   -0.0208   -0.3984
 1890.0   -0.8232    1.6594    0.4628   -0.0862   -0.6358    0.8070           0.1779    0.8148    0.6763   -0.0927   -0.0193   -0.3966
 1895.0   -0.8100    1.6731    0.4555   -0.0845   -0.6335    0.7890           0.1756    0.8112    0.6687   -0.0950   -0.0179   -0.3947
 1900.0   -0.7969    1.6867    0.4491   -0.0833   -0.6312    0.7710           0.1733    0.8077    0.6610   -0.0971   -0.0165   -0.3928
 1905.0   -0.7838    1.7000    0.4424   -0.0823   -0.6286    0.7531           0.1711    0.8043    0.6536   -0.0991   -0.0152   -0.3911
 1910.0   -0.7708    1.7131    0.4364   -0.0819   -0.6259    0.7350           0.1690    0.8011    0.6458   -0.1010   -0.0139   -0.3891
 1915.0   -0.7579    1.7259    0.4308   -0.0818   -0.6229    0.7167           0.1669    0.7981    0.6383   -0.1029   -0.0126   -0.3874
 1920.0   -0.7452    1.7384    0.4253   -0.0822   -0.6197    0.6985           0.1649    0.7952    0.6304   -0.1045   -0.0114   -0.3854
 1925.0   -0.7325    1.7505    0.4200   -0.0830   -0.6163    0.6805           0.1630    0.7925    0.6228   -0.1062   -0.0102   -0.3837
 1930.0   -0.7200    1.7624    0.4146   -0.0843   -0.6125    0.6624           0.1611    0.7898    0.6152   -0.1077   -0.0090   -0.3819
 1935.0   -0.7076    1.7739    0.4098   -0.0859   -0.6085    0.6442           0.1593    0.7873    0.6074   -0.1091   -0.0079   -0.3800
 1940.0   -0.6953    1.7850    0.4053   -0.0880   -0.6042    0.6259           0.1576    0.7848    0.5997   -0.1105   -0.0068   -0.3784
 1945.0   -0.6832    1.7958    0.4008   -0.0906   -0.5996    0.6077           0.1559    0.7825    0.5919   -0.1117   -0.0058   -0.3765
 1950.0   -0.6712    1.8063    0.3964   -0.0936   -0.5946    0.5895           0.1542    0.7802    0.5840   -0.1128   -0.0048   -0.3747
 1955.0   -0.6594    1.8163    0.3921   -0.0970   -0.5893    0.5713           0.1526    0.7780    0.5761   -0.1138   -0.0038   -0.3730
 1960.0   -0.6477    1.8260    0.3881   -0.1010   -0.5837    0.5531           0.1510    0.7758    0.5683   -0.1148   -0.0028   -0.3713
 1965.0   -0.6362    1.8354    0.3839   -0.1053   -0.5776    0.5349           0.1495    0.7737    0.5604   -0.1157   -0.0019   -0.3696
 1970.0   -0.6249    1.8444    0.3803   -0.1102   -0.5712    0.5166           0.1480    0.7717    0.5526   -0.1166   -0.0010   -0.3680
 1975.0   -0.6137    1.8530    0.3761   -0.1154   -0.5642    0.4985           0.1466    0.7696    0.5445   -0.1173   -0.0002   -0.3663
 1980.0   -0.6028    1.8614    0.3722   -0.1212   -0.5570    0.4804           0.1452    0.7676    0.5365   -0.1180    0.0006   -0.3646
 1985.0   -0.5920    1.8694    0.3686   -0.1274   -0.5491    0.4620           0.1438    0.7655    0.5285   -0.1186    0.0014   -0.3631
 1990.0   -0.5814    1.8771    0.3647   -0.1340   -0.5409    0.4440           0.1424    0.7635    0.5203   -0.1191    0.0021   -0.3614
 1995.0   -0.5710    1.8845    0.3608   -0.1411   -0.5321    0.4259           0.1411    0.7614    0.5121   -0.1195    0.0028   -0.3597
 2000.0   -0.5608    1.8916    0.3568   -0.1488   -0.5228    0.4079           0.1398    0.7593    0.5039   -0.1199    0.0035   -0.3582
 2005.0   -0.5508    1.8985    0.3531   -0.1570   -0.5130    0.3897           0.1385    0.7572    0.4958   -0.1202    0.0041   -0.3567
 2010.0   -0.5410    1.9051    0.3490   -0.1655   -0.5026    0.3717           0.1372    0.7550    0.4874   -0.1205    0.0047   -0.3552
 2015.0   -0.5314    1.9116    0.3452   -0.1746   -0.4917    0.3536           0.1360    0.7528    0.4788   -0.1205    0.0052   -0.3535
 2020.0   -0.5221    1.9178    0.3410   -0.1840   -0.4802    0.3356           0.1347    0.7506    0.4706   -0.1207    0.0058   -0.3521
 2025.0   -0.5129    1.9239    0.3367   -0.1941   -0.4681    0.3178           0.1335    0.7482    0.4619   -0.1207    0.0062   -0.3505
 2030.0   -0.5039    1.9299    0.3320   -0.2045   -0.4553    0.3001           0.1323    0.7458    0.4533   -0.1206    0.0066   -0.3490
 2035.0   -0.4952    1.9357    0.3277   -0.2156   -0.4420    0.2821           0.1310    0.7434    0.4446   -0.1205    0.0070   -0.3475
 2040.0   -0.4867    1.9415    0.3231   -0.2269   -0.4279    0.2643           0.1298    0.7408    0.4359   -0.1203    0.0073   -0.3461
 2045.0   -0.4784    1.9473    0.3183   -0.2389   -0.4131    0.2466           0.1285    0.7382    0.4271   -0.1201    0.0076   -0.3446
 2050.0   -0.4703    1.9530    0.3133   -0.2515   -0.3977    0.2289           0.1273    0.7355    0.4181   -0.1197    0.0078   -0.3431
 2055.0   -0.4624    1.9587    0.3080   -0.2642   -0.3815    0.2113           0.1261    0.7327    0.4091   -0.1194    0.0080   -0.3416
 2060.0   -0.4548    1.9645    0.3027   -0.2777   -0.3646    0.1937           0.1248    0.7297    0.4000   -0.1189    0.0081   -0.3401
 2065.0   -0.4473    1.9703    0.2972   -0.2917   -0.3470    0.1760           0.1236    0.7267    0.3908   -0.1183    0.0082   -0.3387
 2070.0   -0.4401    1.9763    0.2915   -0.3061   -0.3285    0.1584           0.1223    0.7236    0.3815   -0.1177    0.0082   -0.3372
 2075.0   -0.4331    1.9823    0.2853   -0.3211   -0.3093    0.1410           0.1210    0.7204    0.3722   -0.1170    0.0081   -0.3357
 2080.0   -0.4263    1.9886    0.2789   -0.3363   -0.2892    0.1237           0.1197    0.7170    0.3627   -0.1162    0.0079   -0.3342
 2085.0   -0.4198    1.9951    0.2722   -0.3522   -0.2683    0.1064           0.1184    0.7136    0.3531   -0.1154    0.0077   -0.3328
 2090.0   -0.4134    2.0018    0.2653   -0.3686   -0.2465    0.0891           0.1170    0.7100    0.3434   -0.1145    0.0074   -0.3312
 2095.0   -0.4073    2.0088    0.2581   -0.3855   -0.2239    0.0718           0.1157    0.7063    0.3336   -0.1135    0.0070   -0.3298
 2100.0   -0.4014    2.0161    0.2506   -0.4028   -0.2003    0.0546           0.1143    0.7025    0.3237   -0.1124    0.0065   -0.3282
 2105.0   -0.3957    2.0237    0.2428   -0.4207   -0.1758    0.0374           0.1129    0.6986    0.3137   -0.1112    0.0060   -0.3267
 2110.0   -0.3902    2.0317    0.2345   -0.4392   -0.1504    0.0205           0.1115    0.6946    0.3037   -0.1099    0.0053   -0.3252
 2115.0   -0.3850    2.0401    0.2260   -0.4581   -0.1240    0.0033           0.1101    0.6904    0.2934   -0.1086    0.0045   -0.3236
 2120.0   -0.3799    2.0489    0.2170   -0.4775   -0.0966   -0.0135           0.1087    0.6861    0.2831   -0.1071    0.0037   -0.3220
 2125.0   -0.3751    2.0583    0.2076   -0.4975   -0.0682   -0.0304           0.1072    0.6817    0.2727   -0.1056    0.0027   -0.3205
 2130.0   -0.3704    2.0681    0.1978   -0.5178   -0.0388   -0.0472           0.1057    0.6771    0.2622   -0.1040    0.0016   -0.3189
 2135.0   -0.3660    2.0785    0.1877   -0.5387   -0.0083   -0.0640           0.1042    0.6725    0.2515   -0.1023    0.0004   -0.3172
 2140.0   -0.3617    2.0894    0.1771   -0.5603    0.0232   -0.0807           0.1026    0.6677    0.2408   -0.1004   -0.0010   -0.3156
 2145.0   -0.3577    2.1010    0.1661   -0.5821    0.0558   -0.0974           0.1011    0.6628    0.2300   -0.0985   -0.0025   -0.3140
 2150.0   -0.3539    2.1131    0.1545   -0.6046    0.0895   -0.1138           0.0995    0.6577    0.2190   -0.0965   -0.0042   -0.3123
 2155.0   -0.3502    2.1260    0.1426   -0.6275    0.1244   -0.1305           0.0979    0.6525    0.2080   -0.0943   -0.0060   -0.3106
 2160.0   -0.3468    2.1396    0.1301   -0.6510    0.1604   -0.1468           0.0962    0.6472    0.1968   -0.0921   -0.0079   -0.3088
 2165.0   -0.3436    2.1538    0.1170   -0.6748    0.1976   -0.1629           0.0946    0.6418    0.1855   -0.0897   -0.0100   -0.3071
 2170.0   -0.3405    2.1689    0.1035   -0.6993    0.2360   -0.1792           0.0929    0.6362    0.1741   -0.0872   -0.0123   -0.3052
 2175.0   -0.3376    2.1847    0.0894   -0.7244    0.2757   -0.1955           0.0912    0.6306    0.1627   -0.0846   -0.0148   -0.3034
 2180.0   -0.3350    2.2014    0.0749   -0.7500    0.3165   -0.2117           0.0895    0.6248    0.1511   -0.0819   -0.0175   -0.3016
 2185.0   -0.3325    2.2189    0.0598   -0.7761    0.3587   -0.2279           0.0877    0.6188    0.1394   -0.0790   -0.0204   -0.2997
 2190.0   -0.3301    2.2373    0.0441   -0.8026    0.4021   -0.2441           0.0860    0.6128    0.1276   -0.0760   -0.0235   -0.2978
 2195.0   -0.3280    2.2566    0.0277   -0.8295    0.4468   -0.2597           0.0842    0.6066    0.1158   -0.0728   -0.0269   -0.2958
 2200.0   -0.3261    2.2769    0.0107   -0.8573    0.4929   -0.2755           0.0824    0.6003    0.1038   -0.0696   -0.0304   -0.2938
 2205.0   -0.3243    2.2981   -0.0067   -0.8853    0.5403   -0.2916           0.0806    0.5938    0.0918   -0.0661   -0.0342   -0.2917
 2210.0   -0.3227    2.3203   -0.0249   -0.9139    0.5890   -0.3073           0.0788    0.5873    0.0797   -0.0626   -0.0383   -0.2897
 2215.0   -0.3212    2.3435   -0.0438   -0.9430    0.6393   -0.3228           0.0770    0.5806    0.0675   -0.0588   -0.0426   -0.2875
 2220.0   -0.3199    2.3678   -0.0632   -0.9726    0.6908   -0.3385           0.0751    0.5738    0.0552   -0.0549   -0.0472   -0.2854
 2225.0   -0.3188    2.3931   -0.0835   -1.0028    0.7438   -0.3538           0.0732    0.5669    0.0428   -0.0509   -0.0522   -0.2831
 2230.0   -0.3179    2.4196   -0.1043   -1.0332    0.7983   -0.3692           0.0714    0.5598    0.0304   -0.0466   -0.0574   -0.2809
 2235.0   -0.3171    2.4471   -0.1258   -1.0645    0.8543   -0.3848           0.0695    0.5526    0.0179   -0.0422   -0.0629   -0.2786
 2240.0   -0.3165    2.4758   -0.1481   -1.0960    0.9118   -0.3998           0.0676    0.5453    0.0054   -0.0377   -0.0688   -0.2762
 2245.0   -0.3160    2.5057   -0.1712   -1.1284    0.9708   -0.4150           0.0657    0.5379   -0.0072   -0.0329   -0.0750   -0.2738
 2250.0   -0.3157    2.5367   -0.1950   -1.1613    1.0314   -0.4304           0.0638    0.5303   -0.0199   -0.0280   -0.0815   -0.2714
 2255.0   -0.3155    2.5690   -0.2194   -1.1941    1.0934   -0.4453           0.0619    0.5226   -0.0326   -0.0228   -0.0885   -0.2688
 2260.0   -0.3155    2.6025   -0.2448   -1.2281    1.1572   -0.4604           0.0600    0.5148   -0.0453   -0.0175   -0.0958   -0.2663
 2265.0   -0.3156    2.6373   -0.2708   -1.2623    1.2226   -0.4749           0.0581    0.5068   -0.0581   -0.0120   -0.1036   -0.2637
 2270.0   -0.3159    2.6733   -0.2978   -1.2971    1.2894   -0.4899           0.0562    0.4988   -0.0709   -0.0062   -0.1117   -0.2610
 2275.0   -0.3163    2.7107   -0.3255   -1.3320    1.3580   -0.5046           0.0543    0.4905   -0.0837   -0.0003   -0.1204   -0.2583
 2280.0   -0.3168    2.7493   -0.3541   -1.3682    1.4284   -0.5192           0.0524    0.4822   -0.0965    0.0059   -0.1294   -0.2555
 2285.0   -0.3175    2.7893   -0.3835   -1.4042    1.5004   -0.5338           0.0505    0.4737   -0.1094    0.0123   -0.1390   -0.2527
 2290.0   -0.3183    2.8306   -0.4138   -1.4412    1.5740   -0.5484           0.0486    0.4651   -0.1222    0.0190   -0.1490   -0.2498
 2295.0   -0.3192    2.8734   -0.4449   -1.4783    1.6495   -0.5626           0.0468    0.4564   -0.1350    0.0259   -0.1595   -0.2468
 2300.0   -0.3203    2.9175   -0.4768   -1.5159    1.7267   -0.5768           0.0449    0.4475   -0.1478    0.0330   -0.1706   -0.2438
 2305.0   -0.3215    2.9630   -0.5099   -1.5545    1.8057   -0.5912           0.0430    0.4385   -0.1606    0.0404   -0.1822   -0.2408
 2310.0   -0.3228    3.0099   -0.5437   -1.5932    1.8866   -0.6053           0.0412    0.4293   -0.1734    0.0480   -0.1944   -0.2376
 2315.0   -0.3242    3.0583   -0.5787   -1.6324    1.9690   -0.6196           0.0394    0.4200   -0.1861    0.0559   -0.2072   -0.2344
 2320.0   -0.3258    3.1081   -0.6142   -1.6722    2.0536   -0.6334           0.0376    0.4106   -0.1987    0.0640   -0.2206   -0.2311
 2325.0   -0.3274    3.1594   -0.6509   -1.7121    2.1397   -0.6473           0.0359    0.4010   -0.2113    0.0725   -0.2346   -0.2278
 2330.0   -0.3292    3.2122   -0.6887   -1.7535    2.2281   -0.6612           0.0341    0.3913   -0.2239    0.0812   -0.2493   -0.2244
 2335.0   -0.3311    3.2664   -0.7275   -1.7944    2.3181   -0.6751           0.0324    0.3814   -0.2363    0.0902   -0.2646   -0.2210
 2340.0   -0.3331    3.3222   -0.7673   -1.8363    2.4101   -0.6888           0.0307    0.3714   -0.2486    0.0995   -0.2806   -0.2174
 2345.0   -0.3352    3.3795   -0.8079   -1.8784    2.5040   -0.7023           0.0290    0.3612   -0.2609    0.1091   -0.2974   -0.2138
 2350.0   -0.3374    3.4384   -0.8495   -1.9209    2.5999   -0.7157           0.0274    0.3508   -0.2730    0.1190   -0.3149   -0.2102
 2355.0   -0.3398    3.4988   -0.8926   -1.9645    2.6978   -0.7294           0.0258    0.3403   -0.2850    0.1292   -0.3332   -0.2064
 2360.0   -0.3422    3.5607   -0.9360   -2.0082    2.7978   -0.7424           0.0243    0.3296   -0.2969    0.1398   -0.3523   -0.2027
 2365.0   -0.3447    3.6242   -0.9810   -2.0523    2.8998   -0.7557           0.0227    0.3188   -0.3086    0.1507   -0.3722   -0.1987
 2370.0   -0.3473    3.6893   -1.0270   -2.0970    3.0035   -0.7688           0.0213    0.3078   -0.3201    0.1619   -0.3929   -0.1948
 2375.0   -0.3500    3.7560   -1.0742   -2.1422    3.1097   -0.7820           0.0198    0.2966   -0.3315    0.1734   -0.4145   -0.1908
 2380.0   -0.3528    3.8243   -1.1221   -2.1874    3.2175   -0.7948           0.0184    0.2853   -0.3427    0.1854   -0.4370   -0.1867
 2385.0   -0.3557    3.8942   -1.1718   -2.2343    3.3280   -0.8078           0.0171    0.2737   -0.3537    0.1977   -0.4605   -0.1825
 2390.0   -0.3587    3.9657   -1.2220   -2.2805    3.4402   -0.8205           0.0158    0.2620   -0.3645    0.2102   -0.4849   -0.1783
 2395.0   -0.3618    4.0388   -1.2734   -2.3273    3.5545   -0.8331           0.0145    0.2501   -0.3750    0.2232   -0.5102   -0.1740
 2400.0   -0.3649    4.1135   -1.3267   -2.3751    3.6710   -0.8460           0.0133    0.2380   -0.3854    0.2366   -0.5367   -0.1696
 2405.0   -0.3682    4.1899   -1.3806   -2.4229    3.7898   -0.8585           0.0122    0.2258   -0.3954    0.2504   -0.5641   -0.1651
 2410.0   -0.3715    4.2679   -1.4350   -2.4707    3.9101   -0.8706           0.0111    0.2133   -0.4052    0.2645   -0.5926   -0.1606
 2415.0   -0.3749    4.3476   -1.4922   -2.5201    4.0333   -0.8833           0.0100    0.2006   -0.4146    0.2791   -0.6222   -0.1560
 2420.0   -0.3783    4.4289   -1.5491   -2.5688    4.1582   -0.8953           0.0091    0.1877   -0.4239    0.2941   -0.6529   -0.1513
 2425.0   -0.3819    4.5119   -1.6082   -2.6193    4.2860   -0.9076           0.0082    0.1747   -0.4327    0.3092   -0.6846   -0.1466
 2430.0   -0.3855    4.5965   -1.6678   -2.6690    4.4154   -0.9195           0.0073    0.1614   -0.4412    0.3251   -0.7177   -0.1417
 2435.0   -0.3892    4.6828   -1.7287   -2.7193    4.5471   -0.9313           0.0065    0.1478   -0.4495    0.3412   -0.7519   -0.1368
 2440.0   -0.3929    4.7708   -1.7917   -2.7706    4.6812   -0.9434           0.0058    0.1341   -0.4572    0.3585   -0.7881   -0.1317
 2445.0   -0.3967    4.8604   -1.8553   -2.8219    4.8176   -0.9551           0.0052    0.1202   -0.4646    0.3754   -0.8248   -0.1267
 2450.0   -0.4006    4.9517   -1.9202   -2.8742    4.9564   -0.9667           0.0046    0.1060   -0.4716    0.3928   -0.8628   -0.1216
 2455.0   -0.4046    5.0447   -1.9864   -2.9278    5.0975   -0.9783           0.0041    0.0916   -0.4782    0.4106   -0.9020   -0.1163
 2460.0   -0.4086    5.1394   -2.0539   -2.9825    5.2411   -0.9897           0.0037    0.0769   -0.4841    0.4288   -0.9425   -0.1110
 2465.0   -0.4126    5.2358   -2.1227   -3.0384    5.3872   -1.0010           0.0034    0.0621   -0.4896    0.4475   -0.9843   -0.1055
 2470.0   -0.4168    5.3338   -2.1927   -3.0956    5.5356   -1.0122           0.0031    0.0469   -0.4944    0.4666   -1.0275   -0.1000
 2475.0   -0.4209    5.4335   -2.2640   -3.1539    5.6866   -1.0233           0.0029    0.0315   -0.4986    0.4862   -1.0720   -0.0944
 2480.0   -0.4252    5.5349   -2.3366   -3.2136    5.8401   -1.0343           0.0028    0.0159   -0.5022    0.5063   -1.1180   -0.0886
 2485.0   -0.4295    5.6380   -2.4104   -3.2745    5.9961   -1.0451           0.0028    0.0000   -0.5052    0.5268   -1.1654   -0.0828
 2490.0   -0.4338    5.7427   -2.4855   -3.3368    6.1546   -1.0559           0.0029   -0.0161   -0.5074    0.5478   -1.2144   -0.0769
 2495.0   -0.4382    5.8491   -2.5618   -3.4003    6.3157   -1.0666           0.0031   -0.0326   -0.5089    0.5693   -1.2648   -0.0708
 2500.0   -0.4426    5.9572   -2.6393   -3.4653    6.4793   -1.0771           0.0033   -0.0492   -0.5097    0.5912   -1.3167   -0.0647
