!  MA19 2000 MEV P(200) CHI/DP=51634/25553                SM05   10/ 7/19
!                    PI0P Waves for L= 2   10/ 7/19
!  WCM     D35  pE   D35  pM   D15  pE   D15  pM   D15  nE   D15  nM
 1080.0   -0.1078    0.0290    0.0745   -0.0386   -0.0765    0.0389           0.0000   -0.0000    0.0000   -0.0000   -0.0000    0.0000
 1085.0   -0.1788    0.0483    0.1231   -0.0654   -0.1266    0.0658           0.0000   -0.0000    0.0000   -0.0000   -0.0000    0.0000
 1090.0   -0.2428    0.0657    0.1667   -0.0905   -0.1715    0.0910           0.0000   -0.0000    0.0000   -0.0000   -0.0000    0.0000
 1095.0   -0.3007    0.0813    0.2058   -0.1142   -0.2119    0.1147           0.0000   -0.0000    0.0000   -0.0000   -0.0000    0.0000
 1100.0   -0.3531    0.0952    0.2409   -0.1364   -0.2483    0.1369           0.0000   -0.0000    0.0001   -0.0000   -0.0001    0.0000
 1105.0   -0.4006    0.1077    0.2724   -0.1572   -0.2811    0.1576           0.0001   -0.0000    0.0001   -0.0001   -0.0001    0.0001
 1110.0   -0.4438    0.1188    0.3008   -0.1768   -0.3107    0.1769           0.0001   -0.0000    0.0002   -0.0001   -0.0002    0.0001
 1115.0   -0.4831    0.1285    0.3261   -0.1950   -0.3372    0.1947           0.0002   -0.0000    0.0003   -0.0002   -0.0003    0.0002
 1120.0   -0.5189    0.1371    0.3492   -0.2122   -0.3613    0.2114           0.0002   -0.0001    0.0004   -0.0002   -0.0004    0.0002
 1125.0   -0.5516    0.1446    0.3700   -0.2283   -0.3832    0.2269           0.0003   -0.0001    0.0005   -0.0003   -0.0005    0.0003
 1130.0   -0.5814    0.1510    0.3888   -0.2433   -0.4030    0.2412           0.0005   -0.0001    0.0007   -0.0004   -0.0007    0.0004
 1135.0   -0.6086    0.1564    0.4057   -0.2574   -0.4209    0.2544           0.0006   -0.0001    0.0009   -0.0005   -0.0009    0.0005
 1140.0   -0.6335    0.1610    0.4210   -0.2705   -0.4371    0.2666           0.0007   -0.0002    0.0011   -0.0007   -0.0011    0.0007
 1145.0   -0.6564    0.1647    0.4348   -0.2828   -0.4518    0.2777           0.0009   -0.0002    0.0013   -0.0008   -0.0013    0.0008
 1150.0   -0.6773    0.1677    0.4473   -0.2941   -0.4652    0.2878           0.0011   -0.0003    0.0015   -0.0010   -0.0016    0.0010
 1155.0   -0.6964    0.1700    0.4586   -0.3047   -0.4772    0.2971           0.0013   -0.0003    0.0018   -0.0012   -0.0019    0.0012
 1160.0   -0.7141    0.1716    0.4687   -0.3145   -0.4881    0.3054           0.0015   -0.0004    0.0021   -0.0014   -0.0022    0.0014
 1165.0   -0.7302    0.1727    0.4779   -0.3235   -0.4980    0.3128           0.0018   -0.0004    0.0025   -0.0017   -0.0026    0.0016
 1170.0   -0.7450    0.1732    0.4861   -0.3318   -0.5069    0.3195           0.0020   -0.0005    0.0028   -0.0019   -0.0029    0.0018
 1175.0   -0.7586    0.1732    0.4935   -0.3394   -0.5149    0.3253           0.0023   -0.0005    0.0032   -0.0022   -0.0033    0.0021
 1180.0   -0.7711    0.1727    0.5002   -0.3464   -0.5222    0.3304           0.0026   -0.0006    0.0035   -0.0024   -0.0037    0.0023
 1185.0   -0.7825    0.1719    0.5061   -0.3528   -0.5287    0.3348           0.0029   -0.0006    0.0039   -0.0027   -0.0041    0.0026
 1190.0   -0.7930    0.1706    0.5114   -0.3585   -0.5345    0.3386           0.0033   -0.0007    0.0043   -0.0030   -0.0045    0.0029
 1195.0   -0.8027    0.1690    0.5162   -0.3637   -0.5398    0.3416           0.0036   -0.0008    0.0048   -0.0034   -0.0050    0.0032
 1200.0   -0.8115    0.1671    0.5203   -0.3683   -0.5444    0.3441           0.0040   -0.0008    0.0052   -0.0037   -0.0054    0.0034
 1205.0   -0.8196    0.1649    0.5241   -0.3723   -0.5485    0.3460           0.0044   -0.0009    0.0057   -0.0040   -0.0059    0.0037
 1210.0   -0.8270    0.1624    0.5268   -0.3755   -0.5517    0.3470           0.0047   -0.0009    0.0061   -0.0044   -0.0064    0.0040
 1215.0   -0.8338    0.1597    0.5297   -0.3786   -0.5549    0.3478           0.0052   -0.0010    0.0066   -0.0047   -0.0069    0.0043
 1220.0   -0.8400    0.1568    0.5322   -0.3812   -0.5577    0.3481           0.0056   -0.0010    0.0071   -0.0050   -0.0074    0.0048
 1225.0   -0.8456    0.1537    0.5343   -0.3833   -0.5601    0.3479           0.0060   -0.0011    0.0075   -0.0053   -0.0079    0.0054
 1230.0   -0.8507    0.1504    0.5361   -0.3849   -0.5621    0.3472           0.0065   -0.0011    0.0080   -0.0056   -0.0085    0.0061
 1235.0   -0.8553    0.1470    0.5371   -0.3859   -0.5634    0.3458           0.0069   -0.0012    0.0085   -0.0058   -0.0090    0.0068
 1240.0   -0.8594    0.1435    0.5383   -0.3867   -0.5648    0.3443           0.0074   -0.0012    0.0090   -0.0061   -0.0095    0.0076
 1245.0   -0.8633    0.1399    0.5393   -0.3871   -0.5659    0.3424           0.0079   -0.0013    0.0095   -0.0063   -0.0101    0.0084
 1250.0   -0.8666    0.1362    0.5400   -0.3872   -0.5668    0.3402           0.0083   -0.0013    0.0101   -0.0066   -0.0106    0.0092
 1255.0   -0.8696    0.1324    0.5405   -0.3869   -0.5675    0.3375           0.0088   -0.0013    0.0106   -0.0068   -0.0112    0.0101
 1260.0   -0.8723    0.1285    0.5404   -0.3859   -0.5674    0.3342           0.0093   -0.0014    0.0111   -0.0070   -0.0118    0.0111
 1265.0   -0.8747    0.1246    0.5405   -0.3849   -0.5676    0.3309           0.0099   -0.0014    0.0116   -0.0071   -0.0123    0.0121
 1270.0   -0.8767    0.1206    0.5405   -0.3836   -0.5676    0.3273           0.0104   -0.0014    0.0121   -0.0073   -0.0129    0.0131
 1275.0   -0.8785    0.1167    0.5403   -0.3819   -0.5674    0.3234           0.0109   -0.0014    0.0127   -0.0074   -0.0135    0.0141
 1280.0   -0.8799    0.1127    0.5400   -0.3800   -0.5671    0.3191           0.0114   -0.0014    0.0132   -0.0075   -0.0141    0.0152
 1285.0   -0.8812    0.1087    0.5390   -0.3774   -0.5661    0.3143           0.0120   -0.0014    0.0137   -0.0076   -0.0147    0.0163
 1290.0   -0.8822    0.1047    0.5384   -0.3749   -0.5654    0.3095           0.0125   -0.0014    0.0143   -0.0077   -0.0153    0.0175
 1295.0   -0.8830    0.1007    0.5377   -0.3721   -0.5647    0.3044           0.0130   -0.0014    0.0148   -0.0078   -0.0159    0.0186
 1300.0   -0.8835    0.0968    0.5369   -0.3691   -0.5637    0.2991           0.0136   -0.0014    0.0154   -0.0078   -0.0165    0.0198
 1305.0   -0.8839    0.0928    0.5360   -0.3658   -0.5627    0.2935           0.0141   -0.0014    0.0159   -0.0078   -0.0171    0.0210
 1310.0   -0.8840    0.0889    0.5349   -0.3623   -0.5615    0.2876           0.0147   -0.0014    0.0165   -0.0078   -0.0177    0.0222
 1315.0   -0.8840    0.0851    0.5338   -0.3585   -0.5603    0.2815           0.0152   -0.0014    0.0170   -0.0077   -0.0183    0.0235
 1320.0   -0.8838    0.0813    0.5326   -0.3545   -0.5589    0.2751           0.0158   -0.0014    0.0176   -0.0077   -0.0190    0.0247
 1325.0   -0.8834    0.0776    0.5313   -0.3503   -0.5575    0.2685           0.0163   -0.0014    0.0182   -0.0076   -0.0196    0.0260
 1330.0   -0.8829    0.0739    0.5300   -0.3459   -0.5559    0.2616           0.0169   -0.0014    0.0188   -0.0074   -0.0202    0.0273
 1335.0   -0.8822    0.0702    0.5286   -0.3413   -0.5543    0.2545           0.0174   -0.0013    0.0193   -0.0073   -0.0209    0.0286
 1340.0   -0.8813    0.0667    0.5271   -0.3366   -0.5526    0.2471           0.0180   -0.0013    0.0199   -0.0071   -0.0216    0.0299
 1345.0   -0.8804    0.0632    0.5255   -0.3316   -0.5508    0.2395           0.0186   -0.0013    0.0205   -0.0069   -0.0222    0.0312
 1350.0   -0.8793    0.0598    0.5239   -0.3265   -0.5489    0.2316           0.0191   -0.0012    0.0212   -0.0066   -0.0229    0.0326
 1355.0   -0.8780    0.0564    0.5222   -0.3212   -0.5470    0.2235           0.0197   -0.0012    0.0218   -0.0063   -0.0236    0.0339
 1360.0   -0.8766    0.0532    0.5205   -0.3157   -0.5450    0.2151           0.0202   -0.0012    0.0224   -0.0060   -0.0243    0.0352
 1365.0   -0.8751    0.0500    0.5192   -0.3104   -0.5434    0.2065           0.0208   -0.0011    0.0231   -0.0056   -0.0251    0.0366
 1370.0   -0.8735    0.0469    0.5174   -0.3047   -0.5412    0.1975           0.0213   -0.0011    0.0237   -0.0052   -0.0258    0.0379
 1375.0   -0.8717    0.0439    0.5155   -0.2988   -0.5390    0.1882           0.0219   -0.0010    0.0244   -0.0047   -0.0266    0.0392
 1380.0   -0.8699    0.0409    0.5141   -0.2930   -0.5373    0.1787           0.0224   -0.0010    0.0251   -0.0042   -0.0273    0.0406
 1385.0   -0.8680    0.0381    0.5121   -0.2869   -0.5350    0.1688           0.0229   -0.0009    0.0258   -0.0036   -0.0281    0.0418
 1390.0   -0.8659    0.0354    0.5105   -0.2809   -0.5331    0.1586           0.0235   -0.0009    0.0265   -0.0030   -0.0289    0.0431
 1395.0   -0.8638    0.0327    0.5089   -0.2748   -0.5311    0.1481           0.0240   -0.0008    0.0273   -0.0023   -0.0298    0.0443
 1400.0   -0.8614    0.0302    0.5069   -0.2683   -0.5287    0.1372           0.0246   -0.0008    0.0280   -0.0016   -0.0306    0.0455
 1405.0   -0.8591    0.0277    0.5052   -0.2620   -0.5266    0.1259           0.0251   -0.0007    0.0288   -0.0008   -0.0315    0.0466
 1410.0   -0.8567    0.0253    0.5034   -0.2555   -0.5245    0.1143           0.0256   -0.0007    0.0296    0.0001   -0.0324    0.0476
 1415.0   -0.8541    0.0231    0.5017   -0.2490   -0.5224    0.1022           0.0261   -0.0006    0.0305    0.0010   -0.0334    0.0486
 1420.0   -0.8516    0.0209    0.4998   -0.2423   -0.5202    0.0897           0.0266   -0.0006    0.0314    0.0020   -0.0343    0.0494
 1425.0   -0.8488    0.0188    0.4980   -0.2356   -0.5179    0.0768           0.0271   -0.0005    0.0322    0.0030   -0.0353    0.0501
 1430.0   -0.8461    0.0168    0.4961   -0.2287   -0.5156    0.0634           0.0276   -0.0005    0.0332    0.0042   -0.0364    0.0507
 1435.0   -0.8431    0.0149    0.4941   -0.2218   -0.5133    0.0496           0.0281   -0.0004    0.0341    0.0054   -0.0374    0.0511
 1440.0   -0.8402    0.0132    0.4925   -0.2150   -0.5113    0.0352           0.0286   -0.0004    0.0351    0.0067   -0.0385    0.0513
 1445.0   -0.8371    0.0115    0.4905   -0.2079   -0.5088    0.0203           0.0291   -0.0003    0.0362    0.0081   -0.0397    0.0514
 1450.0   -0.8341    0.0099    0.4884   -0.2007   -0.5063    0.0049           0.0295   -0.0003    0.0372    0.0096   -0.0409    0.0512
 1455.0   -0.8309    0.0084    0.4866   -0.1936   -0.5042   -0.0111           0.0300   -0.0003    0.0384    0.0112   -0.0421    0.0507
 1460.0   -0.8276    0.0070    0.4849   -0.1864   -0.5020   -0.0277           0.0305   -0.0002    0.0395    0.0130   -0.0434    0.0500
 1465.0   -0.8243    0.0056    0.4826   -0.1789   -0.4994   -0.0448           0.0309   -0.0002    0.0407    0.0149   -0.0448    0.0490
 1470.0   -0.8209    0.0044    0.4807   -0.1716   -0.4971   -0.0626           0.0313   -0.0001    0.0420    0.0169   -0.0462    0.0476
 1475.0   -0.8174    0.0033    0.4787   -0.1641   -0.4947   -0.0811           0.0318   -0.0001    0.0433    0.0190   -0.0476    0.0458
 1480.0   -0.8138    0.0023    0.4766   -0.1565   -0.4923   -0.1002           0.0322   -0.0001    0.0447    0.0214   -0.0491    0.0435
 1485.0   -0.8102    0.0013    0.4745   -0.1489   -0.4898   -0.1202           0.0326   -0.0000    0.0461    0.0239   -0.0507    0.0407
 1490.0   -0.8065    0.0005    0.4724   -0.1412   -0.4873   -0.1412           0.0330   -0.0000    0.0476    0.0267   -0.0524    0.0374
 1495.0   -0.8027   -0.0003    0.4701   -0.1333   -0.4847   -0.1626           0.0334    0.0000    0.0492    0.0297   -0.0541    0.0333
 1500.0   -0.7989   -0.0009    0.4678   -0.1254   -0.4820   -0.1851           0.0338    0.0000    0.0508    0.0329   -0.0560    0.0286
 1505.0   -0.7951   -0.0015    0.4658   -0.1176   -0.4797   -0.2087           0.0341    0.0001    0.0526    0.0363   -0.0579    0.0230
 1510.0   -0.7911   -0.0020    0.4633   -0.1095   -0.4769   -0.2329           0.0345    0.0001    0.0543    0.0401   -0.0599    0.0165
 1515.0   -0.7871   -0.0024    0.4608   -0.1013   -0.4741   -0.2583           0.0349    0.0001    0.0562    0.0442   -0.0620    0.0090
 1520.0   -0.7829   -0.0027    0.4581   -0.0930   -0.4712   -0.2844           0.0352    0.0001    0.0582    0.0487   -0.0642    0.0003
 1525.0   -0.7788   -0.0029    0.4554   -0.0848   -0.4682   -0.3119           0.0355    0.0001    0.0602    0.0537   -0.0665   -0.0097
 1530.0   -0.7746   -0.0030    0.4526   -0.0765   -0.4652   -0.3405           0.0359    0.0001    0.0623    0.0590   -0.0689   -0.0213
 1535.0   -0.7703   -0.0031    0.4497   -0.0681   -0.4621   -0.3700           0.0362    0.0001    0.0645    0.0649   -0.0714   -0.0346
 1540.0   -0.7660   -0.0031    0.4464   -0.0596   -0.4586   -0.4005           0.0365    0.0001    0.0668    0.0713   -0.0740   -0.0498
 1545.0   -0.7616   -0.0030    0.4434   -0.0513   -0.4554   -0.4326           0.0368    0.0001    0.0691    0.0783   -0.0768   -0.0674
 1550.0   -0.7571   -0.0028    0.4395   -0.0428   -0.4514   -0.4651           0.0371    0.0001    0.0716    0.0860   -0.0797   -0.0874
 1555.0   -0.7525   -0.0025    0.4357   -0.0344   -0.4475   -0.4988           0.0374    0.0001    0.0741    0.0945   -0.0827   -0.1101
 1560.0   -0.7480   -0.0021    0.4318   -0.0263   -0.4435   -0.5337           0.0377    0.0001    0.0766    0.1039   -0.0857   -0.1359
 1565.0   -0.7434   -0.0017    0.4272   -0.0182   -0.4389   -0.5689           0.0379    0.0001    0.0791    0.1141   -0.0889   -0.1654
 1570.0   -0.7386   -0.0012    0.4226   -0.0106   -0.4343   -0.6051           0.0382    0.0000    0.0817    0.1253   -0.0921   -0.1988
 1575.0   -0.7338   -0.0006    0.4175   -0.0033   -0.4291   -0.6411           0.0384    0.0000    0.0843    0.1376   -0.0954   -0.2372
 1580.0   -0.7290    0.0000    0.4117    0.0036   -0.4234   -0.6765           0.0387   -0.0000    0.0867    0.1512   -0.0988   -0.2797
 1585.0   -0.7242    0.0008    0.4054    0.0097   -0.4171   -0.7111           0.0389   -0.0000    0.0891    0.1660   -0.1021   -0.3282
 1590.0   -0.7192    0.0016    0.3992    0.0147   -0.4109   -0.7451           0.0392   -0.0001    0.0912    0.1821   -0.1053   -0.3829
 1595.0   -0.7142    0.0025    0.3919    0.0187   -0.4036   -0.7758           0.0394   -0.0001    0.0930    0.1996   -0.1084   -0.4435
 1600.0   -0.7091    0.0034    0.3841    0.0212   -0.3958   -0.8032           0.0396   -0.0001    0.0944    0.2184   -0.1111   -0.5114
 1605.0   -0.7040    0.0044    0.3756    0.0220   -0.3872   -0.8250           0.0399   -0.0002    0.0953    0.2386   -0.1136   -0.5858
 1610.0   -0.6989    0.0055    0.3671    0.0204   -0.3785   -0.8415           0.0401   -0.0002    0.0956    0.2600   -0.1155   -0.6673
 1615.0   -0.6936    0.0067    0.3574    0.0164   -0.3685   -0.8489           0.0403   -0.0002    0.0950    0.2823   -0.1168   -0.7560
 1620.0   -0.6883    0.0079    0.3477    0.0094   -0.3584   -0.8469           0.0405   -0.0003    0.0935    0.3053   -0.1173   -0.8495
 1625.0   -0.6830    0.0092    0.3378   -0.0009   -0.3477   -0.8332           0.0407   -0.0003    0.0908    0.3284   -0.1168   -0.9479
 1630.0   -0.6776    0.0105    0.3277   -0.0147   -0.3368   -0.8058           0.0409   -0.0004    0.0869    0.3511   -0.1151   -1.0494
 1635.0   -0.6721    0.0119    0.3179   -0.0322   -0.3258   -0.7638           0.0411   -0.0004    0.0816    0.3728   -0.1121   -1.1504
 1640.0   -0.6666    0.0134    0.3085   -0.0533   -0.3148   -0.7062           0.0413   -0.0005    0.0750    0.3925   -0.1078   -1.2482
 1645.0   -0.6610    0.0149    0.2998   -0.0776   -0.3044   -0.6331           0.0416   -0.0005    0.0669    0.4095   -0.1021   -1.3401
 1650.0   -0.6554    0.0165    0.2922   -0.1047   -0.2947   -0.5457           0.0418   -0.0006    0.0577    0.4231   -0.0951   -1.4221
 1655.0   -0.6497    0.0182    0.2860   -0.1340   -0.2860   -0.4461           0.0420   -0.0006    0.0476    0.4326   -0.0869   -1.4914
 1660.0   -0.6440    0.0199    0.2812   -0.1644   -0.2787   -0.3371           0.0422   -0.0007    0.0367    0.4378   -0.0778   -1.5456
 1665.0   -0.6382    0.0216    0.2781   -0.1949   -0.2727   -0.2220           0.0425   -0.0007    0.0256    0.4385   -0.0681   -1.5825
 1670.0   -0.6323    0.0234    0.2767   -0.2249   -0.2683   -0.1048           0.0427   -0.0008    0.0144    0.4348   -0.0581   -1.6024
 1675.0   -0.6265    0.0253    0.2768   -0.2532   -0.2654    0.0109           0.0430   -0.0008    0.0035    0.4273   -0.0481   -1.6054
 1680.0   -0.6205    0.0272    0.2782   -0.2793   -0.2639    0.1220           0.0432   -0.0009   -0.0067    0.4164   -0.0385   -1.5926
 1685.0   -0.6145    0.0292    0.2809   -0.3028   -0.2637    0.2265           0.0435   -0.0009   -0.0161    0.4028   -0.0293   -1.5665
 1690.0   -0.6084    0.0312    0.2845   -0.3235   -0.2644    0.3216           0.0438   -0.0009   -0.0246    0.3872   -0.0209   -1.5291
 1695.0   -0.6023    0.0333    0.2887   -0.3412   -0.2660    0.4077           0.0441   -0.0010   -0.0320    0.3703   -0.0133   -1.4834
 1700.0   -0.5961    0.0354    0.2935   -0.3562   -0.2683    0.4836           0.0444   -0.0010   -0.0384    0.3527   -0.0065   -1.4311
 1705.0   -0.5899    0.0376    0.2985   -0.3685   -0.2710    0.5491           0.0448   -0.0010   -0.0439    0.3348   -0.0006   -1.3750
 1710.0   -0.5837    0.0398    0.3037   -0.3783   -0.2739    0.6054           0.0451   -0.0011   -0.0484    0.3171    0.0045   -1.3157
 1715.0   -0.5774    0.0421    0.3088   -0.3861   -0.2771    0.6524           0.0455   -0.0011   -0.0521    0.2998    0.0087   -1.2557
 1720.0   -0.5710    0.0444    0.3139   -0.3921   -0.2802    0.6921           0.0459   -0.0011   -0.0550    0.2832    0.0123   -1.1959
 1725.0   -0.5646    0.0468    0.3187   -0.3965   -0.2834    0.7240           0.0464   -0.0011   -0.0573    0.2674    0.0152   -1.1368
 1730.0   -0.5581    0.0492    0.3234   -0.3996   -0.2864    0.7502           0.0469   -0.0011   -0.0590    0.2525    0.0175   -1.0797
 1735.0   -0.5517    0.0516    0.3279   -0.4017   -0.2894    0.7708           0.0474   -0.0011   -0.0601    0.2384    0.0192   -1.0238
 1740.0   -0.5451    0.0541    0.3320   -0.4029   -0.2921    0.7866           0.0479   -0.0011   -0.0609    0.2253    0.0206   -0.9707
 1745.0   -0.5385    0.0566    0.3359   -0.4034   -0.2946    0.7984           0.0485   -0.0011   -0.0613    0.2131    0.0216   -0.9193
 1750.0   -0.5318    0.0591    0.3396   -0.4034   -0.2970    0.8067           0.0491   -0.0011   -0.0614    0.2016    0.0222   -0.8708
 1755.0   -0.5252    0.0617    0.3430   -0.4029   -0.2991    0.8122           0.0498   -0.0011   -0.0612    0.1910    0.0225   -0.8246
 1760.0   -0.5185    0.0643    0.3461   -0.4021   -0.3011    0.8153           0.0506   -0.0010   -0.0608    0.1812    0.0226   -0.7810
 1765.0   -0.5118    0.0670    0.3490   -0.4011   -0.3028    0.8165           0.0514   -0.0010   -0.0602    0.1721    0.0224   -0.7391
 1770.0   -0.5050    0.0696    0.3517   -0.4000   -0.3044    0.8153           0.0522   -0.0009   -0.0595    0.1636    0.0221   -0.6995
 1775.0   -0.4982    0.0724    0.3541   -0.3986   -0.3057    0.8129           0.0531   -0.0008   -0.0586    0.1557    0.0216   -0.6621
 1780.0   -0.4914    0.0751    0.3564   -0.3972   -0.3069    0.8092           0.0541   -0.0008   -0.0576    0.1484    0.0210   -0.6265
 1785.0   -0.4845    0.0779    0.3585   -0.3959   -0.3079    0.8043           0.0552   -0.0007   -0.0566    0.1416    0.0202   -0.5926
 1790.0   -0.4777    0.0806    0.3604   -0.3944   -0.3088    0.7987           0.0563   -0.0006   -0.0554    0.1352    0.0194   -0.5604
 1795.0   -0.4708    0.0835    0.3621   -0.3930   -0.3094    0.7922           0.0575   -0.0004   -0.0542    0.1293    0.0185   -0.5298
 1800.0   -0.4639    0.0863    0.3637   -0.3917   -0.3100    0.7853           0.0588   -0.0003   -0.0529    0.1238    0.0175   -0.5007
 1805.0   -0.4571    0.0891    0.3651   -0.3904   -0.3104    0.7775           0.0602   -0.0002   -0.0516    0.1186    0.0164   -0.4728
 1810.0   -0.4502    0.0920    0.3664   -0.3891   -0.3106    0.7692           0.0617   -0.0000   -0.0503    0.1138    0.0153   -0.4463
 1815.0   -0.4434    0.0949    0.3676   -0.3880   -0.3108    0.7609           0.0632    0.0002   -0.0488    0.1092    0.0141   -0.4208
 1820.0   -0.4366    0.0978    0.3686   -0.3868   -0.3108    0.7517           0.0649    0.0004   -0.0474    0.1049    0.0129   -0.3964
 1825.0   -0.4298    0.1007    0.3696   -0.3858   -0.3107    0.7425           0.0667    0.0006   -0.0459    0.1008    0.0117   -0.3731
 1830.0   -0.4231    0.1037    0.3705   -0.3848   -0.3104    0.7327           0.0685    0.0008   -0.0444    0.0969    0.0104   -0.3506
 1835.0   -0.4164    0.1066    0.3712   -0.3840   -0.3101    0.7233           0.0705    0.0010   -0.0429    0.0933    0.0091   -0.3291
 1840.0   -0.4098    0.1096    0.3719   -0.3832   -0.3096    0.7130           0.0726    0.0013   -0.0413    0.0898    0.0078   -0.3083
 1845.0   -0.4033    0.1125    0.3724   -0.3824   -0.3091    0.7025           0.0748    0.0015   -0.0397    0.0865    0.0065   -0.2883
 1850.0   -0.3968    0.1155    0.3729   -0.3817   -0.3085    0.6925           0.0771    0.0018   -0.0382    0.0834    0.0052   -0.2691
 1855.0   -0.3905    0.1184    0.3733   -0.3811   -0.3077    0.6816           0.0795    0.0021   -0.0365    0.0804    0.0038   -0.2506
 1860.0   -0.3844    0.1214    0.3737   -0.3805   -0.3069    0.6708           0.0821    0.0024   -0.0349    0.0775    0.0025   -0.2327
 1865.0   -0.3783    0.1243    0.3739   -0.3800   -0.3060    0.6598           0.0846    0.0027   -0.0332    0.0747    0.0012   -0.2154
 1870.0   -0.3724    0.1273    0.3742   -0.3796   -0.3051    0.6490           0.0873    0.0031   -0.0315    0.0720   -0.0002   -0.1984
 1875.0   -0.3666    0.1302    0.3743   -0.3792   -0.3039    0.6375           0.0901    0.0034   -0.0299    0.0695   -0.0015   -0.1823
 1880.0   -0.3610    0.1332    0.3743   -0.3788   -0.3028    0.6262           0.0929    0.0038   -0.0281    0.0670   -0.0028   -0.1666
 1885.0   -0.3557    0.1361    0.3743   -0.3784   -0.3016    0.6145           0.0958    0.0041   -0.0264    0.0645   -0.0042   -0.1513
 1890.0   -0.3505    0.1390    0.3742   -0.3781   -0.3003    0.6026           0.0988    0.0045   -0.0246    0.0621   -0.0055   -0.1365
 1895.0   -0.3456    0.1419    0.3741   -0.3778   -0.2989    0.5907           0.1018    0.0049   -0.0228    0.0598   -0.0068   -0.1222
 1900.0   -0.3409    0.1448    0.3738   -0.3774   -0.2974    0.5783           0.1048    0.0053   -0.0210    0.0575   -0.0080   -0.1084
 1905.0   -0.3365    0.1477    0.3736   -0.3771   -0.2958    0.5659           0.1077    0.0057   -0.0192    0.0552   -0.0093   -0.0950
 1910.0   -0.3323    0.1505    0.3733   -0.3769   -0.2942    0.5535           0.1107    0.0061   -0.0173    0.0531   -0.0105   -0.0820
 1915.0   -0.3284    0.1534    0.3728   -0.3765   -0.2925    0.5409           0.1135    0.0065   -0.0154    0.0509   -0.0118   -0.0694
 1920.0   -0.3247    0.1562    0.3724   -0.3762   -0.2907    0.5280           0.1163    0.0069   -0.0135    0.0487   -0.0130   -0.0572
 1925.0   -0.3213    0.1590    0.3719   -0.3758   -0.2889    0.5150           0.1190    0.0073   -0.0116    0.0466   -0.0141   -0.0454
 1930.0   -0.3182    0.1618    0.3713   -0.3754   -0.2870    0.5011           0.1214    0.0077   -0.0096    0.0445   -0.0153   -0.0341
 1935.0   -0.3154    0.1646    0.3707   -0.3749   -0.2850    0.4877           0.1238    0.0080   -0.0076    0.0424   -0.0164   -0.0231
 1940.0   -0.3127    0.1673    0.3699   -0.3744   -0.2829    0.4741           0.1259    0.0084   -0.0056    0.0404   -0.0175   -0.0125
 1945.0   -0.3103    0.1700    0.3692   -0.3739   -0.2808    0.4602           0.1278    0.0088   -0.0036    0.0383   -0.0185   -0.0024
 1950.0   -0.3081    0.1728    0.3683   -0.3733   -0.2786    0.4457           0.1294    0.0091   -0.0015    0.0363   -0.0195    0.0074
 1955.0   -0.3061    0.1755    0.3674   -0.3726   -0.2763    0.4313           0.1307    0.0095    0.0005    0.0342   -0.0205    0.0167
 1960.0   -0.3042    0.1781    0.3664   -0.3718   -0.2740    0.4167           0.1317    0.0098    0.0026    0.0322   -0.0214    0.0257
 1965.0   -0.3024    0.1808    0.3654   -0.3710   -0.2716    0.4020           0.1324    0.0102    0.0048    0.0301   -0.0222    0.0342
 1970.0   -0.3007    0.1835    0.3643   -0.3701   -0.2691    0.3868           0.1328    0.0105    0.0070    0.0281   -0.0230    0.0423
 1975.0   -0.2991    0.1861    0.3632   -0.3691   -0.2666    0.3715           0.1327    0.0108    0.0091    0.0260   -0.0238    0.0497
 1980.0   -0.2974    0.1888    0.3619   -0.3679   -0.2640    0.3558           0.1324    0.0111    0.0113    0.0240   -0.0245    0.0569
 1985.0   -0.2958    0.1914    0.3606   -0.3667   -0.2613    0.3399           0.1318    0.0113    0.0136    0.0219   -0.0251    0.0638
 1990.0   -0.2941    0.1941    0.3592   -0.3653   -0.2586    0.3242           0.1307    0.0116    0.0159    0.0199   -0.0257    0.0700
 1995.0   -0.2923    0.1967    0.3578   -0.3638   -0.2558    0.3080           0.1294    0.0119    0.0182    0.0178   -0.0262    0.0759
 2000.0   -0.2903    0.1993    0.3562   -0.3622   -0.2530    0.2916           0.1278    0.0121    0.0205    0.0157   -0.0267    0.0811
 2005.0   -0.2882    0.2019    0.3546   -0.3604   -0.2501    0.2747           0.1258    0.0124    0.0228    0.0136   -0.0270    0.0860
 2010.0   -0.2859    0.2046    0.3529   -0.3585   -0.2471    0.2578           0.1236    0.0126    0.0252    0.0115   -0.0273    0.0902
 2015.0   -0.2834    0.2072    0.3511   -0.3563   -0.2441    0.2405           0.1212    0.0129    0.0275    0.0094   -0.0275    0.0936
 2020.0   -0.2807    0.2098    0.3493   -0.3541   -0.2411    0.2236           0.1185    0.0131    0.0300    0.0073   -0.0277    0.0971
 2025.0   -0.2778    0.2124    0.3473   -0.3517   -0.2379    0.2063           0.1158    0.0134    0.0324    0.0052   -0.0277    0.0994
 2030.0   -0.2747    0.2150    0.3453   -0.3491   -0.2348    0.1880           0.1128    0.0136    0.0348    0.0031   -0.0276    0.1014
 2035.0   -0.2713    0.2176    0.3432   -0.3463   -0.2316    0.1706           0.1097    0.0139    0.0373    0.0010   -0.0275    0.1029
 2040.0   -0.2676    0.2201    0.3410   -0.3433   -0.2283    0.1521           0.1065    0.0142    0.0398   -0.0011   -0.0272    0.1034
 2045.0   -0.2637    0.2227    0.3387   -0.3401   -0.2250    0.1346           0.1033    0.0144    0.0422   -0.0032   -0.0269    0.1035
 2050.0   -0.2597    0.2253    0.3363   -0.3366   -0.2217    0.1158           0.1000    0.0147    0.0448   -0.0054   -0.0264    0.1031
 2055.0   -0.2554    0.2278    0.3338   -0.3330   -0.2183    0.0974           0.0967    0.0150    0.0473   -0.0075   -0.0259    0.1020
 2060.0   -0.2508    0.2303    0.3312   -0.3291   -0.2149    0.0794           0.0934    0.0153    0.0498   -0.0096   -0.0252    0.0997
 2065.0   -0.2461    0.2328    0.3286   -0.3251   -0.2115    0.0601           0.0902    0.0156    0.0524   -0.0117   -0.0244    0.0974
 2070.0   -0.2411    0.2353    0.3258   -0.3207   -0.2081    0.0418           0.0869    0.0160    0.0549   -0.0138   -0.0235    0.0940
 2075.0   -0.2360    0.2378    0.3229   -0.3162   -0.2046    0.0234           0.0837    0.0163    0.0574   -0.0159   -0.0225    0.0898
 2080.0   -0.2308    0.2402    0.3199   -0.3113   -0.2012    0.0045           0.0806    0.0166    0.0600   -0.0180   -0.0213    0.0848
 2085.0   -0.2253    0.2426    0.3168   -0.3062   -0.1977   -0.0148           0.0775    0.0170    0.0625   -0.0201   -0.0201    0.0794
 2090.0   -0.2198    0.2450    0.3137   -0.3009   -0.1942   -0.0336           0.0746    0.0174    0.0651   -0.0221   -0.0186    0.0729
 2095.0   -0.2141    0.2474    0.3104   -0.2953   -0.1907   -0.0514           0.0717    0.0178    0.0676   -0.0242   -0.0171    0.0658
 2100.0   -0.2083    0.2497    0.3070   -0.2894   -0.1873   -0.0705           0.0689    0.0181    0.0701   -0.0262   -0.0154    0.0578
 2105.0   -0.2024    0.2520    0.3035   -0.2832   -0.1838   -0.0893           0.0662    0.0185    0.0726   -0.0282   -0.0136    0.0492
 2110.0   -0.1964    0.2542    0.2999   -0.2768   -0.1804   -0.1069           0.0636    0.0189    0.0751   -0.0302   -0.0117    0.0395
 2115.0   -0.1904    0.2565    0.2962   -0.2700   -0.1770   -0.1249           0.0611    0.0194    0.0776   -0.0322   -0.0096    0.0291
 2120.0   -0.1843    0.2586    0.2924   -0.2630   -0.1736   -0.1434           0.0587    0.0198    0.0801   -0.0341   -0.0074    0.0177
 2125.0   -0.1782    0.2608    0.2885   -0.2556   -0.1703   -0.1606           0.0565    0.0202    0.0825   -0.0360   -0.0050    0.0057
 2130.0   -0.1720    0.2629    0.2845   -0.2479   -0.1670   -0.1779           0.0543    0.0206    0.0850   -0.0379   -0.0025   -0.0070
 2135.0   -0.1658    0.2650    0.2804   -0.2400   -0.1638   -0.1952           0.0522    0.0211    0.0874   -0.0397    0.0001   -0.0209
 2140.0   -0.1594    0.2670    0.2762   -0.2317   -0.1606   -0.2114           0.0503    0.0215    0.0898   -0.0415    0.0029   -0.0354
 2145.0   -0.1532    0.2690    0.2718   -0.2230   -0.1575   -0.2288           0.0484    0.0219    0.0921   -0.0433    0.0058   -0.0508
 2150.0   -0.1470    0.2710    0.2674   -0.2141   -0.1544   -0.2441           0.0466    0.0224    0.0944   -0.0450    0.0088   -0.0670
 2155.0   -0.1408    0.2729    0.2628   -0.2048   -0.1515   -0.2602           0.0450    0.0228    0.0967   -0.0467    0.0120   -0.0840
 2160.0   -0.1345    0.2748    0.2582   -0.1952   -0.1486   -0.2751           0.0434    0.0233    0.0989   -0.0484    0.0153   -0.1018
 2165.0   -0.1283    0.2766    0.2535   -0.1852   -0.1458   -0.2889           0.0419    0.0237    0.1011   -0.0500    0.0188   -0.1204
 2170.0   -0.1221    0.2784    0.2486   -0.1749   -0.1431   -0.3035           0.0405    0.0242    0.1032   -0.0516    0.0223   -0.1399
 2175.0   -0.1158    0.2802    0.2437   -0.1642   -0.1405   -0.3166           0.0392    0.0246    0.1053   -0.0531    0.0260   -0.1598
 2180.0   -0.1097    0.2819    0.2387   -0.1532   -0.1380   -0.3296           0.0379    0.0250    0.1074   -0.0546    0.0299   -0.1808
 2185.0   -0.1036    0.2836    0.2336   -0.1418   -0.1356   -0.3408           0.0368    0.0255    0.1094   -0.0561    0.0338   -0.2023
 2190.0   -0.0975    0.2852    0.2283   -0.1301   -0.1334   -0.3530           0.0357    0.0259    0.1113   -0.0575    0.0378   -0.2246
 2195.0   -0.0915    0.2868    0.2230   -0.1179   -0.1313   -0.3635           0.0347    0.0263    0.1132   -0.0589    0.0420   -0.2474
 2200.0   -0.0855    0.2883    0.2176   -0.1054   -0.1293   -0.3738           0.0337    0.0267    0.1151   -0.0602    0.0462   -0.2711
 2205.0   -0.0796    0.2898    0.2121   -0.0925   -0.1274   -0.3823           0.0328    0.0272    0.1168   -0.0615    0.0506   -0.2954
 2210.0   -0.0737    0.2912    0.2066   -0.0793   -0.1257   -0.3900           0.0320    0.0276    0.1186   -0.0627    0.0550   -0.3201
 2215.0   -0.0679    0.2926    0.2009   -0.0656   -0.1241   -0.3985           0.0313    0.0280    0.1202   -0.0640    0.0596   -0.3455
 2220.0   -0.0622    0.2940    0.1952   -0.0515   -0.1227   -0.4042           0.0306    0.0284    0.1219   -0.0652    0.0642   -0.3713
 2225.0   -0.0565    0.2953    0.1894   -0.0370   -0.1214   -0.4103           0.0299    0.0288    0.1234   -0.0663    0.0689   -0.3977
 2230.0   -0.0508    0.2966    0.1835   -0.0222   -0.1203   -0.4157           0.0293    0.0291    0.1249   -0.0675    0.0736   -0.4245
 2235.0   -0.0453    0.2978    0.1775   -0.0068   -0.1193   -0.4193           0.0288    0.0295    0.1263   -0.0686    0.0785   -0.4517
 2240.0   -0.0398    0.2990    0.1715    0.0089   -0.1185   -0.4220           0.0283    0.0299    0.1277   -0.0696    0.0833   -0.4795
 2245.0   -0.0344    0.3001    0.1654    0.0251   -0.1179   -0.4243           0.0278    0.0302    0.1290   -0.0707    0.0882   -0.5075
 2250.0   -0.0290    0.3012    0.1592    0.0417   -0.1174   -0.4259           0.0274    0.0306    0.1302   -0.0717    0.0932   -0.5357
 2255.0   -0.0237    0.3022    0.1529    0.0588   -0.1171   -0.4266           0.0270    0.0309    0.1314   -0.0727    0.0982   -0.5644
 2260.0   -0.0185    0.3032    0.1466    0.0764   -0.1170   -0.4251           0.0266    0.0312    0.1325   -0.0737    0.1033   -0.5932
 2265.0   -0.0134    0.3042    0.1402    0.0943   -0.1170   -0.4241           0.0263    0.0315    0.1336   -0.0747    0.1083   -0.6223
 2270.0   -0.0083    0.3051    0.1338    0.1128   -0.1172   -0.4210           0.0260    0.0318    0.1346   -0.0757    0.1134   -0.6515
 2275.0   -0.0033    0.3059    0.1273    0.1318   -0.1175   -0.4171           0.0258    0.0321    0.1355   -0.0767    0.1185   -0.6810
 2280.0    0.0016    0.3067    0.1208    0.1513   -0.1181   -0.4121           0.0255    0.0324    0.1364   -0.0776    0.1236   -0.7104
 2285.0    0.0064    0.3075    0.1142    0.1713   -0.1188   -0.4067           0.0253    0.0326    0.1372   -0.0786    0.1287   -0.7400
 2290.0    0.0112    0.3082    0.1075    0.1918   -0.1196   -0.4002           0.0252    0.0329    0.1380   -0.0795    0.1337   -0.7696
 2295.0    0.0158    0.3089    0.1007    0.2129   -0.1206   -0.3929           0.0250    0.0331    0.1387   -0.0805    0.1388   -0.7991
 2300.0    0.0204    0.3095    0.0940    0.2345   -0.1218   -0.3848           0.0249    0.0333    0.1394   -0.0815    0.1438   -0.8287
 2305.0    0.0249    0.3101    0.0872    0.2567   -0.1232   -0.3744           0.0247    0.0335    0.1400   -0.0825    0.1489   -0.8581
 2310.0    0.0293    0.3106    0.0803    0.2794   -0.1247   -0.3643           0.0246    0.0337    0.1405   -0.0834    0.1538   -0.8875
 2315.0    0.0337    0.3111    0.0733    0.3027   -0.1263   -0.3539           0.0246    0.0339    0.1411   -0.0844    0.1588   -0.9168
 2320.0    0.0379    0.3116    0.0663    0.3267   -0.1282   -0.3406           0.0245    0.0341    0.1415   -0.0855    0.1637   -0.9460
 2325.0    0.0421    0.3119    0.0593    0.3512   -0.1301   -0.3281           0.0244    0.0342    0.1419   -0.0865    0.1686   -0.9748
 2330.0    0.0462    0.3123    0.0522    0.3764   -0.1322   -0.3132           0.0244    0.0343    0.1423   -0.0875    0.1734   -1.0036
 2335.0    0.0502    0.3126    0.0450    0.4022   -0.1345   -0.2996           0.0243    0.0345    0.1426   -0.0886    0.1781   -1.0321
 2340.0    0.0541    0.3129    0.0378    0.4288   -0.1369   -0.2831           0.0243    0.0346    0.1429   -0.0896    0.1828   -1.0605
 2345.0    0.0580    0.3131    0.0306    0.4559   -0.1394   -0.2671           0.0243    0.0347    0.1431   -0.0907    0.1874   -1.0884
 2350.0    0.0617    0.3133    0.0233    0.4838   -0.1421   -0.2490           0.0242    0.0347    0.1433   -0.0918    0.1920   -1.1160
 2355.0    0.0654    0.3134    0.0159    0.5124   -0.1449   -0.2320           0.0242    0.0348    0.1435   -0.0929    0.1965   -1.1434
 2360.0    0.0690    0.3135    0.0085    0.5417   -0.1478   -0.2120           0.0242    0.0349    0.1436   -0.0941    0.2009   -1.1705
 2365.0    0.0725    0.3135    0.0010    0.5718   -0.1509   -0.1935           0.0242    0.0349    0.1437   -0.0952    0.2052   -1.1971
 2370.0    0.0759    0.3135   -0.0065    0.6027   -0.1541   -0.1721           0.0242    0.0349    0.1437   -0.0963    0.2095   -1.2235
 2375.0    0.0792    0.3134   -0.0141    0.6343   -0.1573   -0.1518           0.0242    0.0349    0.1437   -0.0975    0.2136   -1.2493
 2380.0    0.0824    0.3133   -0.0218    0.6668   -0.1608   -0.1295           0.0242    0.0349    0.1437   -0.0986    0.2177   -1.2748
 2385.0    0.0856    0.3132   -0.0295    0.7000   -0.1643   -0.1074           0.0242    0.0349    0.1436   -0.0998    0.2217   -1.3000
 2390.0    0.0887    0.3130   -0.0373    0.7342   -0.1679   -0.0833           0.0242    0.0348    0.1436   -0.1009    0.2257   -1.3246
 2395.0    0.0916    0.3128   -0.0451    0.7692   -0.1716   -0.0605           0.0242    0.0348    0.1434   -0.1021    0.2294   -1.3490
 2400.0    0.0945    0.3125   -0.0530    0.8051   -0.1755   -0.0347           0.0241    0.0347    0.1433   -0.1032    0.2332   -1.3728
 2405.0    0.0973    0.3121   -0.0610    0.8419   -0.1794   -0.0103           0.0241    0.0346    0.1431   -0.1043    0.2368   -1.3960
 2410.0    0.1000    0.3118   -0.0690    0.8797   -0.1834    0.0167           0.0241    0.0345    0.1429   -0.1053    0.2403   -1.4190
 2415.0    0.1027    0.3114   -0.0772    0.9184   -0.1875    0.0421           0.0241    0.0344    0.1426   -0.1064    0.2438   -1.4415
 2420.0    0.1052    0.3109   -0.0854    0.9580   -0.1917    0.0685           0.0241    0.0343    0.1423   -0.1073    0.2472   -1.4634
 2425.0    0.1077    0.3104   -0.0936    0.9987   -0.1960    0.0975           0.0240    0.0342    0.1420   -0.1083    0.2504   -1.4848
 2430.0    0.1100    0.3098   -0.1020    1.0404   -0.2003    0.1248           0.0240    0.0340    0.1417   -0.1091    0.2536   -1.5058
 2435.0    0.1123    0.3092   -0.1104    1.0830   -0.2048    0.1531           0.0239    0.0338    0.1413   -0.1099    0.2566   -1.5262
 2440.0    0.1145    0.3086   -0.1189    1.1269   -0.2093    0.1839           0.0239    0.0337    0.1409   -0.1106    0.2596   -1.5463
 2445.0    0.1166    0.3078   -0.1275    1.1717   -0.2138    0.2130           0.0238    0.0335    0.1405   -0.1113    0.2625   -1.5658
 2450.0    0.1186    0.3071   -0.1362    1.2178   -0.2185    0.2424           0.0238    0.0333    0.1400   -0.1118    0.2651   -1.5848
 2455.0    0.1205    0.3063   -0.1450    1.2650   -0.2233    0.2721           0.0237    0.0330    0.1393   -0.1121    0.2676   -1.6030
 2460.0    0.1224    0.3055   -0.1539    1.3135   -0.2281    0.3022           0.0236    0.0328    0.1386   -0.1123    0.2698   -1.6204
 2465.0    0.1242    0.3048   -0.1629    1.3632   -0.2329    0.3325           0.0235    0.0325    0.1377   -0.1124    0.2717   -1.6370
 2470.0    0.1259    0.3039   -0.1720    1.4142   -0.2379    0.3631           0.0234    0.0322    0.1367   -0.1122    0.2734   -1.6527
 2475.0    0.1276    0.3031   -0.1812    1.4666   -0.2429    0.3939           0.0233    0.0320    0.1355   -0.1119    0.2748   -1.6674
 2480.0    0.1292    0.3023   -0.1905    1.5203   -0.2479    0.4250           0.0232    0.0316    0.1343   -0.1114    0.2759   -1.6812
 2485.0    0.1307    0.3014   -0.2000    1.5754   -0.2531    0.4562           0.0231    0.0313    0.1329   -0.1107    0.2767   -1.6938
 2490.0    0.1321    0.3005   -0.2096    1.6320   -0.2582    0.4876           0.0229    0.0310    0.1313   -0.1097    0.2772   -1.7053
 2495.0    0.1335    0.2996   -0.2193    1.6900   -0.2634    0.5191           0.0228    0.0306    0.1296   -0.1085    0.2774   -1.7156
 2500.0    0.1348    0.2987   -0.2291    1.7496   -0.2687    0.5507           0.0226    0.0303    0.1278   -0.1070    0.2773   -1.7246
