!  MA19 2000 MEV P(200) CHI/DP=51634/25553                SM05   10/ 7/19
!                    PI0P Waves for L= 1   10/ 7/19
!  WCM     P31  pE   P31  pM   P11  pE   P11  pM   P11  nE   P11  nM
 1080.0    0.0000   -2.6827    0.0000    0.4129    0.0000   -0.9792           0.0000    0.0005    0.0000   -0.0001    0.0000    0.0003
 1085.0    0.0000   -3.5426    0.0000    0.5437    0.0000   -1.3138           0.0000    0.0037    0.0000   -0.0008    0.0000    0.0020
 1090.0    0.0000   -4.2086    0.0000    0.6449    0.0000   -1.5837           0.0000    0.0096    0.0000   -0.0020    0.0000    0.0049
 1095.0    0.0000   -4.7565    0.0000    0.7290    0.0000   -1.8154           0.0000    0.0181    0.0000   -0.0036    0.0000    0.0089
 1100.0    0.0000   -5.2222    0.0000    0.8018    0.0000   -2.0211           0.0000    0.0288    0.0000   -0.0054    0.0000    0.0136
 1105.0    0.0000   -5.6244    0.0000    0.8668    0.0000   -2.2074           0.0000    0.0416    0.0000   -0.0074    0.0000    0.0190
 1110.0    0.0000   -5.9750    0.0000    0.9259    0.0000   -2.3788           0.0000    0.0563    0.0000   -0.0096    0.0000    0.0246
 1115.0    0.0000   -6.2835    0.0000    0.9808    0.0000   -2.5382           0.0000    0.0729    0.0000   -0.0118    0.0000    0.0305
 1120.0    0.0000   -6.5554    0.0000    1.0325    0.0000   -2.6875           0.0000    0.0911    0.0000   -0.0140    0.0000    0.0363
 1125.0    0.0000   -6.7945    0.0000    1.0818    0.0000   -2.8284           0.0000    0.1108    0.0000   -0.0160    0.0000    0.0420
 1130.0    0.0000   -7.0062    0.0000    1.1295    0.0000   -2.9625           0.0000    0.1319    0.0000   -0.0180    0.0000    0.0472
 1135.0    0.0000   -7.1923    0.0000    1.1759    0.0000   -3.0901           0.0000    0.1541    0.0000   -0.0198    0.0000    0.0520
 1140.0    0.0000   -7.3554    0.0000    1.2218    0.0000   -3.2130           0.0000    0.1775    0.0000   -0.0213    0.0000    0.0560
 1145.0    0.0000   -7.4965    0.0000    1.2672    0.0000   -3.3310           0.0000    0.2018    0.0000   -0.0225    0.0000    0.0592
 1150.0    0.0000   -7.6191    0.0000    1.3125    0.0000   -3.4446           0.0000    0.2269    0.0000   -0.0234    0.0000    0.0614
 1155.0    0.0000   -7.7238    0.0000    1.3582    0.0000   -3.5551           0.0000    0.2528    0.0000   -0.0238    0.0000    0.0624
 1160.0    0.0000   -7.8118    0.0000    1.4043    0.0000   -3.6625           0.0000    0.2793    0.0000   -0.0238    0.0000    0.0620
 1165.0    0.0000   -7.8843    0.0000    1.4510    0.0000   -3.7667           0.0000    0.3063    0.0000   -0.0232    0.0000    0.0602
 1170.0    0.0000   -7.9433    0.0000    1.4987    0.0000   -3.8688           0.0000    0.3336    0.0000   -0.0220    0.0000    0.0568
 1175.0    0.0000   -7.9878    0.0000    1.5474    0.0000   -3.9685           0.0000    0.3612    0.0000   -0.0201    0.0000    0.0515
 1180.0    0.0000   -8.0205    0.0000    1.5973    0.0000   -4.0661           0.0000    0.3891    0.0000   -0.0174    0.0000    0.0442
 1185.0    0.0000   -8.0412    0.0000    1.6486    0.0000   -4.1622           0.0000    0.4169    0.0000   -0.0137    0.0000    0.0347
 1190.0    0.0000   -8.0506    0.0000    1.7013    0.0000   -4.2565           0.0000    0.4447    0.0000   -0.0091    0.0000    0.0229
 1195.0    0.0000   -8.0494    0.0000    1.7557    0.0000   -4.3495           0.0000    0.4724    0.0000   -0.0034    0.0000    0.0085
 1200.0    0.0000   -8.0391    0.0000    1.8122    0.0000   -4.4421           0.0000    0.4998    0.0000    0.0035    0.0000   -0.0086
 1205.0    0.0000   -8.0195    0.0000    1.8695    0.0000   -4.5309           0.0000    0.5270    0.0000    0.0119    0.0000   -0.0288
 1210.0    0.0000   -7.9909    0.0000    1.9295    0.0000   -4.6204           0.0000    0.5538    0.0000    0.0217    0.0000   -0.0521
 1215.0    0.0000   -7.9549    0.0000    1.9903    0.0000   -4.7062           0.0000    0.5800    0.0000    0.0333    0.0000   -0.0788
 1220.0    0.0000   -7.9107    0.0000    2.0541    0.0000   -4.7927           0.0000    0.6088    0.0000    0.0470    0.0000   -0.1098
 1225.0    0.0000   -7.8585    0.0000    2.1208    0.0000   -4.8799           0.0000    0.6416    0.0000    0.0622    0.0000   -0.1456
 1230.0    0.0000   -7.7991    0.0000    2.1886    0.0000   -4.9634           0.0000    0.6746    0.0000    0.0797    0.0000   -0.1861
 1235.0    0.0000   -7.7340    0.0000    2.2576    0.0000   -5.0432           0.0000    0.7075    0.0000    0.1000    0.0000   -0.2315
 1240.0    0.0000   -7.6623    0.0000    2.3298    0.0000   -5.1236           0.0000    0.7405    0.0000    0.1232    0.0000   -0.2822
 1245.0    0.0000   -7.5859    0.0000    2.4053    0.0000   -5.2047           0.0000    0.7733    0.0000    0.1498    0.0000   -0.3386
 1250.0    0.0000   -7.5035    0.0000    2.4821    0.0000   -5.2820           0.0000    0.8060    0.0000    0.1800    0.0000   -0.4011
 1255.0    0.0000   -7.4158    0.0000    2.5603    0.0000   -5.3554           0.0000    0.8388    0.0000    0.2144    0.0000   -0.4699
 1260.0    0.0000   -7.3241    0.0000    2.6399    0.0000   -5.4250           0.0000    0.8713    0.0000    0.2535    0.0000   -0.5460
 1265.0    0.0000   -7.2276    0.0000    2.7231    0.0000   -5.4950           0.0000    0.9038    0.0000    0.2977    0.0000   -0.6294
 1270.0    0.0000   -7.1278    0.0000    2.8056    0.0000   -5.5567           0.0000    0.9363    0.0000    0.3474    0.0000   -0.7202
 1275.0    0.0000   -7.0237    0.0000    2.8896    0.0000   -5.6146           0.0000    0.9685    0.0000    0.4035    0.0000   -0.8195
 1280.0    0.0000   -6.9169    0.0000    2.9752    0.0000   -5.6685           0.0000    1.0007    0.0000    0.4663    0.0000   -0.9270
 1285.0    0.0000   -6.8065    0.0000    3.0623    0.0000   -5.7186           0.0000    1.0329    0.0000    0.5367    0.0000   -1.0437
 1290.0    0.0000   -6.6927    0.0000    3.1463    0.0000   -5.7563           0.0000    1.0654    0.0000    0.6153    0.0000   -1.1694
 1295.0    0.0000   -6.5760    0.0000    3.2295    0.0000   -5.7861           0.0000    1.0976    0.0000    0.7027    0.0000   -1.3044
 1300.0    0.0000   -6.4574    0.0000    3.3118    0.0000   -5.8080           0.0000    1.1303    0.0000    0.7995    0.0000   -1.4485
 1305.0    0.0000   -6.3376    0.0000    3.3907    0.0000   -5.8182           0.0000    1.1631    0.0000    0.9063    0.0000   -1.6016
 1310.0    0.0000   -6.2156    0.0000    3.4635    0.0000   -5.8127           0.0000    1.1963    0.0000    1.0234    0.0000   -1.7630
 1315.0    0.0000   -6.0917    0.0000    3.5299    0.0000   -5.7921           0.0000    1.2300    0.0000    1.1513    0.0000   -1.9321
 1320.0    0.0000   -5.9665    0.0000    3.5869    0.0000   -5.7527           0.0000    1.2644    0.0000    1.2896    0.0000   -2.1071
 1325.0    0.0000   -5.8402    0.0000    3.6343    0.0000   -5.6952           0.0000    1.2994    0.0000    1.4380    0.0000   -2.2864
 1330.0    0.0000   -5.7142    0.0000    3.6687    0.0000   -5.6162           0.0000    1.3354    0.0000    1.5961    0.0000   -2.4680
 1335.0    0.0000   -5.5880    0.0000    3.6895    0.0000   -5.5165           0.0000    1.3723    0.0000    1.7623    0.0000   -2.6488
 1340.0    0.0000   -5.4612    0.0000    3.6905    0.0000   -5.3894           0.0000    1.4100    0.0000    1.9349    0.0000   -2.8254
 1345.0    0.0000   -5.3361    0.0000    3.6762    0.0000   -5.2434           0.0000    1.4496    0.0000    2.1114    0.0000   -2.9939
 1350.0    0.0000   -5.2116    0.0000    3.6400    0.0000   -5.0720           0.0000    1.4892    0.0000    2.2890    0.0000   -3.1505
 1355.0    0.0000   -5.0889    0.0000    3.5807    0.0000   -4.8763           0.0000    1.5313    0.0000    2.4643    0.0000   -3.2910
 1360.0    0.0000   -4.9684    0.0000    3.5060    0.0000   -4.6686           0.0000    1.5730    0.0000    2.6338    0.0000   -3.4116
 1365.0    0.0000   -4.8506    0.0000    3.4091    0.0000   -4.4423           0.0000    1.6159    0.0000    2.7940    0.0000   -3.5095
 1370.0    0.0000   -4.7367    0.0000    3.2947    0.0000   -4.2057           0.0000    1.6597    0.0000    2.9413    0.0000   -3.5817
 1375.0    0.0000   -4.6248    0.0000    3.1652    0.0000   -3.9630           0.0000    1.7029    0.0000    3.0750    0.0000   -3.6295
 1380.0    0.0000   -4.5180    0.0000    3.0226    0.0000   -3.7182           0.0000    1.7469    0.0000    3.1903    0.0000   -3.6498
 1385.0    0.0000   -4.4143    0.0000    2.8703    0.0000   -3.4752           0.0000    1.7896    0.0000    3.2862    0.0000   -3.6436
 1390.0    0.0000   -4.3149    0.0000    2.7145    0.0000   -3.2416           0.0000    1.8321    0.0000    3.3679    0.0000   -3.6188
 1395.0    0.0000   -4.2195    0.0000    2.5548    0.0000   -3.0167           0.0000    1.8732    0.0000    3.4278    0.0000   -3.5696
 1400.0    0.0000   -4.1291    0.0000    2.3954    0.0000   -2.8043           0.0000    1.9123    0.0000    3.4713    0.0000   -3.5037
 1405.0    0.0000   -4.0427    0.0000    2.2380    0.0000   -2.6053           0.0000    1.9499    0.0000    3.5010    0.0000   -3.4252
 1410.0    0.0000   -3.9602    0.0000    2.0845    0.0000   -2.4210           0.0000    1.9848    0.0000    3.5125    0.0000   -3.3316
 1415.0    0.0000   -3.8816    0.0000    1.9363    0.0000   -2.2515           0.0000    2.0179    0.0000    3.5155    0.0000   -3.2329
 1420.0    0.0000   -3.8075    0.0000    1.7939    0.0000   -2.0963           0.0000    2.0465    0.0000    3.5060    0.0000   -3.1265
 1425.0    0.0000   -3.7361    0.0000    1.6584    0.0000   -1.9553           0.0000    2.0738    0.0000    3.4871    0.0000   -3.0161
 1430.0    0.0000   -3.6692    0.0000    1.5298    0.0000   -1.8276           0.0000    2.0982    0.0000    3.4583    0.0000   -2.9018
 1435.0    0.0000   -3.6046    0.0000    1.4079    0.0000   -1.7122           0.0000    2.1187    0.0000    3.4260    0.0000   -2.7892
 1440.0    0.0000   -3.5450    0.0000    1.2927    0.0000   -1.6077           0.0000    2.1352    0.0000    3.3877    0.0000   -2.6764
 1445.0    0.0000   -3.4875    0.0000    1.1846    0.0000   -1.5140           0.0000    2.1488    0.0000    3.3455    0.0000   -2.5655
 1450.0    0.0000   -3.4320    0.0000    1.0821    0.0000   -1.4293           0.0000    2.1587    0.0000    3.3000    0.0000   -2.4566
 1455.0    0.0000   -3.3794    0.0000    0.9859    0.0000   -1.3528           0.0000    2.1657    0.0000    3.2517    0.0000   -2.3506
 1460.0    0.0000   -3.3293    0.0000    0.8945    0.0000   -1.2836           0.0000    2.1683    0.0000    3.2018    0.0000   -2.2478
 1465.0    0.0000   -3.2816    0.0000    0.8085    0.0000   -1.2213           0.0000    2.1673    0.0000    3.1506    0.0000   -2.1486
 1470.0    0.0000   -3.2347    0.0000    0.7271    0.0000   -1.1648           0.0000    2.1637    0.0000    3.0982    0.0000   -2.0529
 1475.0    0.0000   -3.1899    0.0000    0.6500    0.0000   -1.1134           0.0000    2.1561    0.0000    3.0456    0.0000   -1.9611
 1480.0    0.0000   -3.1472    0.0000    0.5762    0.0000   -1.0664           0.0000    2.1445    0.0000    2.9927    0.0000   -1.8730
 1485.0    0.0000   -3.1049    0.0000    0.5062    0.0000   -1.0236           0.0000    2.1307    0.0000    2.9395    0.0000   -1.7886
 1490.0    0.0000   -3.0643    0.0000    0.4398    0.0000   -0.9845           0.0000    2.1124    0.0000    2.8866    0.0000   -1.7079
 1495.0    0.0000   -3.0247    0.0000    0.3759    0.0000   -0.9484           0.0000    2.0921    0.0000    2.8338    0.0000   -1.6308
 1500.0    0.0000   -2.9851    0.0000    0.3146    0.0000   -0.9151           0.0000    2.0684    0.0000    2.7821    0.0000   -1.5573
 1505.0    0.0000   -2.9467    0.0000    0.2556    0.0000   -0.8842           0.0000    2.0416    0.0000    2.7304    0.0000   -1.4871
 1510.0    0.0000   -2.9086    0.0000    0.1986    0.0000   -0.8555           0.0000    2.0125    0.0000    2.6791    0.0000   -1.4201
 1515.0    0.0000   -2.8706    0.0000    0.1436    0.0000   -0.8289           0.0000    1.9806    0.0000    2.6281    0.0000   -1.3562
 1520.0    0.0000   -2.8333    0.0000    0.0904    0.0000   -0.8038           0.0000    1.9466    0.0000    2.5780    0.0000   -1.2953
 1525.0    0.0000   -2.7959    0.0000    0.0391    0.0000   -0.7804           0.0000    1.9095    0.0000    2.5288    0.0000   -1.2375
 1530.0    0.0000   -2.7581    0.0000   -0.0112    0.0000   -0.7582           0.0000    1.8713    0.0000    2.4799    0.0000   -1.1822
 1535.0    0.0000   -2.7200    0.0000   -0.0599    0.0000   -0.7374           0.0000    1.8298    0.0000    2.4316    0.0000   -1.1296
 1540.0    0.0000   -2.6818    0.0000   -0.1069    0.0000   -0.7178           0.0000    1.7869    0.0000    2.3845    0.0000   -1.0797
 1545.0    0.0000   -2.6431    0.0000   -0.1539    0.0000   -0.6989           0.0000    1.7428    0.0000    2.3372    0.0000   -1.0320
 1550.0    0.0000   -2.6041    0.0000   -0.1993    0.0000   -0.6811           0.0000    1.6966    0.0000    2.2908    0.0000   -0.9867
 1555.0    0.0000   -2.5643    0.0000   -0.2437    0.0000   -0.6642           0.0000    1.6490    0.0000    2.2457    0.0000   -0.9437
 1560.0    0.0000   -2.5241    0.0000   -0.2868    0.0000   -0.6481           0.0000    1.6000    0.0000    2.2003    0.0000   -0.9027
 1565.0    0.0000   -2.4828    0.0000   -0.3300    0.0000   -0.6326           0.0000    1.5501    0.0000    2.1559    0.0000   -0.8637
 1570.0    0.0000   -2.4410    0.0000   -0.3720    0.0000   -0.6178           0.0000    1.4993    0.0000    2.1120    0.0000   -0.8267
 1575.0    0.0000   -2.3985    0.0000   -0.4130    0.0000   -0.6037           0.0000    1.4474    0.0000    2.0684    0.0000   -0.7915
 1580.0    0.0000   -2.3549    0.0000   -0.4540    0.0000   -0.5901           0.0000    1.3948    0.0000    2.0257    0.0000   -0.7582
 1585.0    0.0000   -2.3100    0.0000   -0.4940    0.0000   -0.5771           0.0000    1.3420    0.0000    1.9832    0.0000   -0.7265
 1590.0    0.0000   -2.2643    0.0000   -0.5324    0.0000   -0.5645           0.0000    1.2887    0.0000    1.9412    0.0000   -0.6964
 1595.0    0.0000   -2.2177    0.0000   -0.5733    0.0000   -0.5526           0.0000    1.2353    0.0000    1.8996    0.0000   -0.6679
 1600.0    0.0000   -2.1697    0.0000   -0.6096    0.0000   -0.5412           0.0000    1.1822    0.0000    1.8584    0.0000   -0.6409
 1605.0    0.0000   -2.1209    0.0000   -0.6488    0.0000   -0.5303           0.0000    1.1287    0.0000    1.8175    0.0000   -0.6153
 1610.0    0.0000   -2.0711    0.0000   -0.6859    0.0000   -0.5198           0.0000    1.0758    0.0000    1.7768    0.0000   -0.5910
 1615.0    0.0000   -2.0195    0.0000   -0.7214    0.0000   -0.5097           0.0000    1.0234    0.0000    1.7371    0.0000   -0.5683
 1620.0    0.0000   -1.9674    0.0000   -0.7590    0.0000   -0.5003           0.0000    0.9711    0.0000    1.6967    0.0000   -0.5466
 1625.0    0.0000   -1.9139    0.0000   -0.7950    0.0000   -0.4912           0.0000    0.9200    0.0000    1.6577    0.0000   -0.5263
 1630.0    0.0000   -1.8592    0.0000   -0.8286    0.0000   -0.4826           0.0000    0.8699    0.0000    1.6179    0.0000   -0.5070
 1635.0    0.0000   -1.8036    0.0000   -0.8624    0.0000   -0.4745           0.0000    0.8205    0.0000    1.5787    0.0000   -0.4889
 1640.0    0.0000   -1.7467    0.0000   -0.8967    0.0000   -0.4669           0.0000    0.7725    0.0000    1.5401    0.0000   -0.4720
 1645.0    0.0000   -1.6887    0.0000   -0.9318    0.0000   -0.4597           0.0000    0.7257    0.0000    1.5006    0.0000   -0.4560
 1650.0    0.0000   -1.6299    0.0000   -0.9643    0.0000   -0.4530           0.0000    0.6804    0.0000    1.4621    0.0000   -0.4411
 1655.0    0.0000   -1.5701    0.0000   -0.9944    0.0000   -0.4468           0.0000    0.6367    0.0000    1.4232    0.0000   -0.4272
 1660.0    0.0000   -1.5094    0.0000   -1.0256    0.0000   -0.4410           0.0000    0.5947    0.0000    1.3846    0.0000   -0.4142
 1665.0    0.0000   -1.4478    0.0000   -1.0567    0.0000   -0.4358           0.0000    0.5547    0.0000    1.3457    0.0000   -0.4021
 1670.0    0.0000   -1.3855    0.0000   -1.0859    0.0000   -0.4311           0.0000    0.5166    0.0000    1.3067    0.0000   -0.3909
 1675.0    0.0000   -1.3222    0.0000   -1.1155    0.0000   -0.4268           0.0000    0.4804    0.0000    1.2675    0.0000   -0.3805
 1680.0    0.0000   -1.2585    0.0000   -1.1432    0.0000   -0.4230           0.0000    0.4467    0.0000    1.2286    0.0000   -0.3709
 1685.0    0.0000   -1.1944    0.0000   -1.1712    0.0000   -0.4198           0.0000    0.4152    0.0000    1.1893    0.0000   -0.3622
 1690.0    0.0000   -1.1301    0.0000   -1.1974    0.0000   -0.4170           0.0000    0.3859    0.0000    1.1497    0.0000   -0.3542
 1695.0    0.0000   -1.0651    0.0000   -1.2215    0.0000   -0.4148           0.0000    0.3590    0.0000    1.1098    0.0000   -0.3469
 1700.0    0.0000   -1.0002    0.0000   -1.2439    0.0000   -0.4131           0.0000    0.3350    0.0000    1.0703    0.0000   -0.3404
 1705.0    0.0000   -0.9353    0.0000   -1.2665    0.0000   -0.4119           0.0000    0.3131    0.0000    1.0301    0.0000   -0.3345
 1710.0    0.0000   -0.8705    0.0000   -1.2880    0.0000   -0.4112           0.0000    0.2941    0.0000    0.9900    0.0000   -0.3293
 1715.0    0.0000   -0.8059    0.0000   -1.3076    0.0000   -0.4111           0.0000    0.2775    0.0000    0.9499    0.0000   -0.3248
 1720.0    0.0000   -0.7418    0.0000   -1.3239    0.0000   -0.4115           0.0000    0.2637    0.0000    0.9094    0.0000   -0.3208
 1725.0    0.0000   -0.6780    0.0000   -1.3406    0.0000   -0.4124           0.0000    0.2525    0.0000    0.8692    0.0000   -0.3176
 1730.0    0.0000   -0.6151    0.0000   -1.3541    0.0000   -0.4138           0.0000    0.2438    0.0000    0.8285    0.0000   -0.3148
 1735.0    0.0000   -0.5528    0.0000   -1.3680    0.0000   -0.4157           0.0000    0.2378    0.0000    0.7883    0.0000   -0.3127
 1740.0    0.0000   -0.4915    0.0000   -1.3769    0.0000   -0.4182           0.0000    0.2344    0.0000    0.7489    0.0000   -0.3111
 1745.0    0.0000   -0.4312    0.0000   -1.3868    0.0000   -0.4211           0.0000    0.2334    0.0000    0.7096    0.0000   -0.3100
 1750.0    0.0000   -0.3723    0.0000   -1.3933    0.0000   -0.4247           0.0000    0.2349    0.0000    0.6702    0.0000   -0.3095
 1755.0    0.0000   -0.3145    0.0000   -1.3989    0.0000   -0.4287           0.0000    0.2387    0.0000    0.6313    0.0000   -0.3095
 1760.0    0.0000   -0.2582    0.0000   -1.4018    0.0000   -0.4332           0.0000    0.2447    0.0000    0.5937    0.0000   -0.3099
 1765.0    0.0000   -0.2034    0.0000   -1.4014    0.0000   -0.4383           0.0000    0.2530    0.0000    0.5548    0.0000   -0.3109
 1770.0    0.0000   -0.1503    0.0000   -1.4011    0.0000   -0.4439           0.0000    0.2632    0.0000    0.5192    0.0000   -0.3122
 1775.0    0.0000   -0.0989    0.0000   -1.3978    0.0000   -0.4499           0.0000    0.2755    0.0000    0.4824    0.0000   -0.3141
 1780.0    0.0000   -0.0493    0.0000   -1.3921    0.0000   -0.4565           0.0000    0.2895    0.0000    0.4488    0.0000   -0.3163
 1785.0    0.0000   -0.0015    0.0000   -1.3862    0.0000   -0.4635           0.0000    0.3052    0.0000    0.4143    0.0000   -0.3190
 1790.0    0.0000    0.0443    0.0000   -1.3773    0.0000   -0.4711           0.0000    0.3223    0.0000    0.3811    0.0000   -0.3220
 1795.0    0.0000    0.0882    0.0000   -1.3672    0.0000   -0.4790           0.0000    0.3409    0.0000    0.3500    0.0000   -0.3255
 1800.0    0.0000    0.1300    0.0000   -1.3544    0.0000   -0.4875           0.0000    0.3607    0.0000    0.3191    0.0000   -0.3293
 1805.0    0.0000    0.1700    0.0000   -1.3407    0.0000   -0.4963           0.0000    0.3815    0.0000    0.2923    0.0000   -0.3336
 1810.0    0.0000    0.2079    0.0000   -1.3264    0.0000   -0.5056           0.0000    0.4034    0.0000    0.2631    0.0000   -0.3381
 1815.0    0.0000    0.2439    0.0000   -1.3104    0.0000   -0.5153           0.0000    0.4259    0.0000    0.2379    0.0000   -0.3430
 1820.0    0.0000    0.2777    0.0000   -1.2912    0.0000   -0.5253           0.0000    0.4491    0.0000    0.2138    0.0000   -0.3482
 1825.0    0.0000    0.3095    0.0000   -1.2716    0.0000   -0.5359           0.0000    0.4730    0.0000    0.1902    0.0000   -0.3537
 1830.0    0.0000    0.3396    0.0000   -1.2515    0.0000   -0.5467           0.0000    0.4974    0.0000    0.1678    0.0000   -0.3595
 1835.0    0.0000    0.3677    0.0000   -1.2314    0.0000   -0.5579           0.0000    0.5215    0.0000    0.1475    0.0000   -0.3656
 1840.0    0.0000    0.3941    0.0000   -1.2092    0.0000   -0.5693           0.0000    0.5463    0.0000    0.1301    0.0000   -0.3720
 1845.0    0.0000    0.4185    0.0000   -1.1852    0.0000   -0.5812           0.0000    0.5709    0.0000    0.1121    0.0000   -0.3786
 1850.0    0.0000    0.4412    0.0000   -1.1623    0.0000   -0.5933           0.0000    0.5954    0.0000    0.0962    0.0000   -0.3854
 1855.0    0.0000    0.4625    0.0000   -1.1376    0.0000   -0.6057           0.0000    0.6196    0.0000    0.0830    0.0000   -0.3925
 1860.0    0.0000    0.4823    0.0000   -1.1116    0.0000   -0.6183           0.0000    0.6437    0.0000    0.0701    0.0000   -0.3999
 1865.0    0.0000    0.5003    0.0000   -1.0857    0.0000   -0.6312           0.0000    0.6675    0.0000    0.0590    0.0000   -0.4074
 1870.0    0.0000    0.5168    0.0000   -1.0595    0.0000   -0.6442           0.0000    0.6911    0.0000    0.0496    0.0000   -0.4151
 1875.0    0.0000    0.5322    0.0000   -1.0346    0.0000   -0.6574           0.0000    0.7136    0.0000    0.0430    0.0000   -0.4229
 1880.0    0.0000    0.5462    0.0000   -1.0071    0.0000   -0.6708           0.0000    0.7361    0.0000    0.0355    0.0000   -0.4309
 1885.0    0.0000    0.5592    0.0000   -0.9817    0.0000   -0.6842           0.0000    0.7579    0.0000    0.0303    0.0000   -0.4391
 1890.0    0.0000    0.5711    0.0000   -0.9530    0.0000   -0.6980           0.0000    0.7787    0.0000    0.0275    0.0000   -0.4473
 1895.0    0.0000    0.5817    0.0000   -0.9267    0.0000   -0.7116           0.0000    0.7992    0.0000    0.0239    0.0000   -0.4556
 1900.0    0.0000    0.5913    0.0000   -0.9013    0.0000   -0.7254           0.0000    0.8190    0.0000    0.0239    0.0000   -0.4640
 1905.0    0.0000    0.6004    0.0000   -0.8743    0.0000   -0.7391           0.0000    0.8383    0.0000    0.0230    0.0000   -0.4724
 1910.0    0.0000    0.6085    0.0000   -0.8492    0.0000   -0.7528           0.0000    0.8564    0.0000    0.0243    0.0000   -0.4809
 1915.0    0.0000    0.6158    0.0000   -0.8222    0.0000   -0.7666           0.0000    0.8739    0.0000    0.0273    0.0000   -0.4895
 1920.0    0.0000    0.6226    0.0000   -0.7984    0.0000   -0.7803           0.0000    0.8909    0.0000    0.0306    0.0000   -0.4980
 1925.0    0.0000    0.6285    0.0000   -0.7729    0.0000   -0.7939           0.0000    0.9073    0.0000    0.0350    0.0000   -0.5064
 1930.0    0.0000    0.6341    0.0000   -0.7492    0.0000   -0.8074           0.0000    0.9225    0.0000    0.0405    0.0000   -0.5149
 1935.0    0.0000    0.6388    0.0000   -0.7250    0.0000   -0.8208           0.0000    0.9371    0.0000    0.0465    0.0000   -0.5232
 1940.0    0.0000    0.6433    0.0000   -0.7016    0.0000   -0.8340           0.0000    0.9513    0.0000    0.0530    0.0000   -0.5315
 1945.0    0.0000    0.6470    0.0000   -0.6805    0.0000   -0.8470           0.0000    0.9649    0.0000    0.0608    0.0000   -0.5397
 1950.0    0.0000    0.6504    0.0000   -0.6580    0.0000   -0.8599           0.0000    0.9771    0.0000    0.0698    0.0000   -0.5478
 1955.0    0.0000    0.6536    0.0000   -0.6389    0.0000   -0.8724           0.0000    0.9895    0.0000    0.0788    0.0000   -0.5558
 1960.0    0.0000    0.6565    0.0000   -0.6188    0.0000   -0.8848           0.0000    1.0006    0.0000    0.0882    0.0000   -0.5635
 1965.0    0.0000    0.6588    0.0000   -0.6017    0.0000   -0.8967           0.0000    1.0114    0.0000    0.0986    0.0000   -0.5710
 1970.0    0.0000    0.6608    0.0000   -0.5836    0.0000   -0.9084           0.0000    1.0218    0.0000    0.1088    0.0000   -0.5784
 1975.0    0.0000    0.6622    0.0000   -0.5667    0.0000   -0.9197           0.0000    1.0314    0.0000    0.1192    0.0000   -0.5854
 1980.0    0.0000    0.6634    0.0000   -0.5508    0.0000   -0.9307           0.0000    1.0406    0.0000    0.1313    0.0000   -0.5924
 1985.0    0.0000    0.6650    0.0000   -0.5374    0.0000   -0.9412           0.0000    1.0495    0.0000    0.1434    0.0000   -0.5990
 1990.0    0.0000    0.6654    0.0000   -0.5246    0.0000   -0.9512           0.0000    1.0580    0.0000    0.1537    0.0000   -0.6052
 1995.0    0.0000    0.6662    0.0000   -0.5128    0.0000   -0.9609           0.0000    1.0657    0.0000    0.1659    0.0000   -0.6112
 2000.0    0.0000    0.6664    0.0000   -0.5007    0.0000   -0.9701           0.0000    1.0730    0.0000    0.1769    0.0000   -0.6166
 2005.0    0.0000    0.6660    0.0000   -0.4915    0.0000   -0.9787           0.0000    1.0801    0.0000    0.1893    0.0000   -0.6219
 2010.0    0.0000    0.6660    0.0000   -0.4839    0.0000   -0.9868           0.0000    1.0868    0.0000    0.2001    0.0000   -0.6267
 2015.0    0.0000    0.6641    0.0000   -0.4764    0.0000   -0.9943           0.0000    1.0933    0.0000    0.2112    0.0000   -0.6312
 2020.0    0.0000    0.6634    0.0000   -0.4698    0.0000   -1.0013           0.0000    1.0995    0.0000    0.2229    0.0000   -0.6352
 2025.0    0.0000    0.6614    0.0000   -0.4639    0.0000   -1.0077           0.0000    1.1055    0.0000    0.2336    0.0000   -0.6387
 2030.0    0.0000    0.6593    0.0000   -0.4612    0.0000   -1.0132           0.0000    1.1113    0.0000    0.2430    0.0000   -0.6418
 2035.0    0.0000    0.6572    0.0000   -0.4593    0.0000   -1.0181           0.0000    1.1168    0.0000    0.2549    0.0000   -0.6445
 2040.0    0.0000    0.6536    0.0000   -0.4581    0.0000   -1.0223           0.0000    1.1222    0.0000    0.2637    0.0000   -0.6465
 2045.0    0.0000    0.6500    0.0000   -0.4589    0.0000   -1.0259           0.0000    1.1274    0.0000    0.2733    0.0000   -0.6480
 2050.0    0.0000    0.6463    0.0000   -0.4598    0.0000   -1.0286           0.0000    1.1330    0.0000    0.2804    0.0000   -0.6489
 2055.0    0.0000    0.6412    0.0000   -0.4626    0.0000   -1.0306           0.0000    1.1380    0.0000    0.2889    0.0000   -0.6493
 2060.0    0.0000    0.6358    0.0000   -0.4661    0.0000   -1.0318           0.0000    1.1428    0.0000    0.2961    0.0000   -0.6491
 2065.0    0.0000    0.6297    0.0000   -0.4709    0.0000   -1.0322           0.0000    1.1482    0.0000    0.3021    0.0000   -0.6483
 2070.0    0.0000    0.6235    0.0000   -0.4769    0.0000   -1.0317           0.0000    1.1535    0.0000    0.3082    0.0000   -0.6468
 2075.0    0.0000    0.6150    0.0000   -0.4852    0.0000   -1.0301           0.0000    1.1582    0.0000    0.3128    0.0000   -0.6448
 2080.0    0.0000    0.6069    0.0000   -0.4930    0.0000   -1.0278           0.0000    1.1634    0.0000    0.3175    0.0000   -0.6420
 2085.0    0.0000    0.5974    0.0000   -0.5024    0.0000   -1.0245           0.0000    1.1688    0.0000    0.3207    0.0000   -0.6387
 2090.0    0.0000    0.5874    0.0000   -0.5150    0.0000   -1.0200           0.0000    1.1742    0.0000    0.3239    0.0000   -0.6347
 2095.0    0.0000    0.5767    0.0000   -0.5261    0.0000   -1.0148           0.0000    1.1795    0.0000    0.3243    0.0000   -0.6298
 2100.0    0.0000    0.5641    0.0000   -0.5395    0.0000   -1.0085           0.0000    1.1850    0.0000    0.3259    0.0000   -0.6243
 2105.0    0.0000    0.5503    0.0000   -0.5526    0.0000   -1.0011           0.0000    1.1906    0.0000    0.3247    0.0000   -0.6180
 2110.0    0.0000    0.5356    0.0000   -0.5679    0.0000   -0.9926           0.0000    1.1970    0.0000    0.3233    0.0000   -0.6110
 2115.0    0.0000    0.5196    0.0000   -0.5838    0.0000   -0.9830           0.0000    1.2028    0.0000    0.3203    0.0000   -0.6033
 2120.0    0.0000    0.5025    0.0000   -0.6018    0.0000   -0.9722           0.0000    1.2088    0.0000    0.3182    0.0000   -0.5949
 2125.0    0.0000    0.4841    0.0000   -0.6193    0.0000   -0.9602           0.0000    1.2158    0.0000    0.3142    0.0000   -0.5856
 2130.0    0.0000    0.4646    0.0000   -0.6389    0.0000   -0.9470           0.0000    1.2221    0.0000    0.3074    0.0000   -0.5754
 2135.0    0.0000    0.4428    0.0000   -0.6592    0.0000   -0.9325           0.0000    1.2295    0.0000    0.3011    0.0000   -0.5647
 2140.0    0.0000    0.4188    0.0000   -0.6799    0.0000   -0.9168           0.0000    1.2364    0.0000    0.2931    0.0000   -0.5531
 2145.0    0.0000    0.3943    0.0000   -0.7014    0.0000   -0.8999           0.0000    1.2443    0.0000    0.2847    0.0000   -0.5407
 2150.0    0.0000    0.3674    0.0000   -0.7246    0.0000   -0.8815           0.0000    1.2516    0.0000    0.2747    0.0000   -0.5274
 2155.0    0.0000    0.3391    0.0000   -0.7484    0.0000   -0.8619           0.0000    1.2592    0.0000    0.2641    0.0000   -0.5136
 2160.0    0.0000    0.3091    0.0000   -0.7711    0.0000   -0.8407           0.0000    1.2681    0.0000    0.2518    0.0000   -0.4988
 2165.0    0.0000    0.2776    0.0000   -0.7958    0.0000   -0.8182           0.0000    1.2763    0.0000    0.2393    0.0000   -0.4831
 2170.0    0.0000    0.2434    0.0000   -0.8226    0.0000   -0.7942           0.0000    1.2849    0.0000    0.2236    0.0000   -0.4666
 2175.0    0.0000    0.2065    0.0000   -0.8483    0.0000   -0.7688           0.0000    1.2939    0.0000    0.2075    0.0000   -0.4493
 2180.0    0.0000    0.1678    0.0000   -0.8735    0.0000   -0.7420           0.0000    1.3032    0.0000    0.1912    0.0000   -0.4314
 2185.0    0.0000    0.1262    0.0000   -0.9004    0.0000   -0.7134           0.0000    1.3128    0.0000    0.1734    0.0000   -0.4124
 2190.0    0.0000    0.0827    0.0000   -0.9295    0.0000   -0.6832           0.0000    1.3219    0.0000    0.1568    0.0000   -0.3929
 2195.0    0.0000    0.0371    0.0000   -0.9577    0.0000   -0.6516           0.0000    1.3324    0.0000    0.1343    0.0000   -0.3724
 2200.0    0.0000   -0.0115    0.0000   -0.9859    0.0000   -0.6181           0.0000    1.3422    0.0000    0.1146    0.0000   -0.3512
 2205.0    0.0000   -0.0644    0.0000   -1.0149    0.0000   -0.5831           0.0000    1.3525    0.0000    0.0919    0.0000   -0.3292
 2210.0    0.0000   -0.1175    0.0000   -1.0442    0.0000   -0.5463           0.0000    1.3631    0.0000    0.0710    0.0000   -0.3064
 2215.0    0.0000   -0.1749    0.0000   -1.0738    0.0000   -0.5077           0.0000    1.3731    0.0000    0.0468    0.0000   -0.2829
 2220.0    0.0000   -0.2346    0.0000   -1.1037    0.0000   -0.4674           0.0000    1.3845    0.0000    0.0197    0.0000   -0.2586
 2225.0    0.0000   -0.2993    0.0000   -1.1341    0.0000   -0.4253           0.0000    1.3952    0.0000   -0.0059    0.0000   -0.2337
 2230.0    0.0000   -0.3652    0.0000   -1.1643    0.0000   -0.3812           0.0000    1.4053    0.0000   -0.0340    0.0000   -0.2079
 2235.0    0.0000   -0.4348    0.0000   -1.1964    0.0000   -0.3353           0.0000    1.4167    0.0000   -0.0604    0.0000   -0.1815
 2240.0    0.0000   -0.5085    0.0000   -1.2254    0.0000   -0.2875           0.0000    1.4275    0.0000   -0.0880    0.0000   -0.1544
 2245.0    0.0000   -0.5860    0.0000   -1.2561    0.0000   -0.2377           0.0000    1.4384    0.0000   -0.1206    0.0000   -0.1266
 2250.0    0.0000   -0.6665    0.0000   -1.2868    0.0000   -0.1859           0.0000    1.4486    0.0000   -0.1505    0.0000   -0.0982
 2255.0    0.0000   -0.7512    0.0000   -1.3188    0.0000   -0.1319           0.0000    1.4591    0.0000   -0.1833    0.0000   -0.0691
 2260.0    0.0000   -0.8389    0.0000   -1.3493    0.0000   -0.0760           0.0000    1.4698    0.0000   -0.2160    0.0000   -0.0395
 2265.0    0.0000   -0.9310    0.0000   -1.3795    0.0000   -0.0180           0.0000    1.4790    0.0000   -0.2493    0.0000   -0.0093
 2270.0    0.0000   -1.0276    0.0000   -1.4102    0.0000    0.0422           0.0000    1.4885    0.0000   -0.2842    0.0000    0.0215
 2275.0    0.0000   -1.1290    0.0000   -1.4400    0.0000    0.1046           0.0000    1.4974    0.0000   -0.3177    0.0000    0.0528
 2280.0    0.0000   -1.2352    0.0000   -1.4715    0.0000    0.1692           0.0000    1.5058    0.0000   -0.3562    0.0000    0.0846
 2285.0    0.0000   -1.3434    0.0000   -1.4991    0.0000    0.2361           0.0000    1.5137    0.0000   -0.3921    0.0000    0.1168
 2290.0    0.0000   -1.4581    0.0000   -1.5299    0.0000    0.3052           0.0000    1.5206    0.0000   -0.4310    0.0000    0.1495
 2295.0    0.0000   -1.5780    0.0000   -1.5585    0.0000    0.3767           0.0000    1.5269    0.0000   -0.4681    0.0000    0.1826
 2300.0    0.0000   -1.7016    0.0000   -1.5885    0.0000    0.4505           0.0000    1.5322    0.0000   -0.5080    0.0000    0.2159
 2305.0    0.0000   -1.8306    0.0000   -1.6139    0.0000    0.5267           0.0000    1.5364    0.0000   -0.5473    0.0000    0.2497
 2310.0    0.0000   -1.9652    0.0000   -1.6423    0.0000    0.6053           0.0000    1.5395    0.0000   -0.5918    0.0000    0.2836
 2315.0    0.0000   -2.1039    0.0000   -1.6687    0.0000    0.6865           0.0000    1.5410    0.0000   -0.6323    0.0000    0.3178
 2320.0    0.0000   -2.2483    0.0000   -1.6944    0.0000    0.7701           0.0000    1.5412    0.0000   -0.6759    0.0000    0.3523
 2325.0    0.0000   -2.4003    0.0000   -1.7192    0.0000    0.8563           0.0000    1.5399    0.0000   -0.7166    0.0000    0.3867
 2330.0    0.0000   -2.5550    0.0000   -1.7474    0.0000    0.9449           0.0000    1.5367    0.0000   -0.7622    0.0000    0.4215
 2335.0    0.0000   -2.7158    0.0000   -1.7703    0.0000    1.0362           0.0000    1.5316    0.0000   -0.8047    0.0000    0.4561
 2340.0    0.0000   -2.8846    0.0000   -1.7925    0.0000    1.1302           0.0000    1.5243    0.0000   -0.8502    0.0000    0.4907
 2345.0    0.0000   -3.0564    0.0000   -1.8138    0.0000    1.2269           0.0000    1.5148    0.0000   -0.8942    0.0000    0.5254
 2350.0    0.0000   -3.2363    0.0000   -1.8357    0.0000    1.3259           0.0000    1.5026    0.0000   -0.9414    0.0000    0.5600
 2355.0    0.0000   -3.4212    0.0000   -1.8546    0.0000    1.4280           0.0000    1.4880    0.0000   -0.9914    0.0000    0.5941
 2360.0    0.0000   -3.6127    0.0000   -1.8726    0.0000    1.5328           0.0000    1.4702    0.0000   -1.0335    0.0000    0.6285
 2365.0    0.0000   -3.8111    0.0000   -1.8910    0.0000    1.6401           0.0000    1.4494    0.0000   -1.0850    0.0000    0.6622
 2370.0    0.0000   -4.0146    0.0000   -1.9067    0.0000    1.7505           0.0000    1.4249    0.0000   -1.1298    0.0000    0.6957
 2375.0    0.0000   -4.2250    0.0000   -1.9227    0.0000    1.8633           0.0000    1.3970    0.0000   -1.1787    0.0000    0.7288
 2380.0    0.0000   -4.4407    0.0000   -1.9360    0.0000    1.9795           0.0000    1.3652    0.0000   -1.2303    0.0000    0.7610
 2385.0    0.0000   -4.6656    0.0000   -1.9491    0.0000    2.0981           0.0000    1.3291    0.0000   -1.2804    0.0000    0.7932
 2390.0    0.0000   -4.8936    0.0000   -1.9597    0.0000    2.2201           0.0000    1.2887    0.0000   -1.3321    0.0000    0.8244
 2395.0    0.0000   -5.1290    0.0000   -1.9706    0.0000    2.3445           0.0000    1.2435    0.0000   -1.3833    0.0000    0.8555
 2400.0    0.0000   -5.3740    0.0000   -1.9766    0.0000    2.4719           0.0000    1.1933    0.0000   -1.4327    0.0000    0.8853
 2405.0    0.0000   -5.6244    0.0000   -1.9840    0.0000    2.6022           0.0000    1.1377    0.0000   -1.4853    0.0000    0.9144
 2410.0    0.0000   -5.8777    0.0000   -1.9872    0.0000    2.7356           0.0000    1.0761    0.0000   -1.5355    0.0000    0.9427
 2415.0    0.0000   -6.1408    0.0000   -1.9873    0.0000    2.8719           0.0000    1.0090    0.0000   -1.5955    0.0000    0.9693
 2420.0    0.0000   -6.4094    0.0000   -1.9908    0.0000    3.0106           0.0000    0.9355    0.0000   -1.6449    0.0000    0.9957
 2425.0    0.0000   -6.6857    0.0000   -1.9893    0.0000    3.1531           0.0000    0.8550    0.0000   -1.7008    0.0000    1.0210
 2430.0    0.0000   -6.9669    0.0000   -1.9862    0.0000    3.2979           0.0000    0.7675    0.0000   -1.7568    0.0000    1.0444
 2435.0    0.0000   -7.2556    0.0000   -1.9809    0.0000    3.4457           0.0000    0.6731    0.0000   -1.8147    0.0000    1.0666
 2440.0    0.0000   -7.5494    0.0000   -1.9761    0.0000    3.5967           0.0000    0.5706    0.0000   -1.8693    0.0000    1.0883
 2445.0    0.0000   -7.8483    0.0000   -1.9636    0.0000    3.7507           0.0000    0.4599    0.0000   -1.9280    0.0000    1.1077
 2450.0    0.0000   -8.1539    0.0000   -1.9528    0.0000    3.9079           0.0000    0.3408    0.0000   -1.9843    0.0000    1.1256
 2455.0    0.0000   -8.4658    0.0000   -1.9441    0.0000    4.0682           0.0000    0.2129    0.0000   -2.0383    0.0000    1.1419
 2460.0    0.0000   -8.7837    0.0000   -1.9375    0.0000    4.2317           0.0000    0.0759    0.0000   -2.0896    0.0000    1.1565
 2465.0    0.0000   -9.1076    0.0000   -1.9333    0.0000    4.3983           0.0000   -0.0707    0.0000   -2.1381    0.0000    1.1693
 2470.0    0.0000   -9.4373    0.0000   -1.9318    0.0000    4.5683           0.0000   -0.2274    0.0000   -2.1836    0.0000    1.1803
 2475.0    0.0000   -9.7723    0.0000   -1.9331    0.0000    4.7414           0.0000   -0.3945    0.0000   -2.2259    0.0000    1.1894
 2480.0    0.0000  -10.1125    0.0000   -1.9376    0.0000    4.9178           0.0000   -0.5726    0.0000   -2.2649    0.0000    1.1964
 2485.0    0.0000  -10.4576    0.0000   -1.9454    0.0000    5.0975           0.0000   -0.7621    0.0000   -2.3002    0.0000    1.2012
 2490.0    0.0000  -10.8073    0.0000   -1.9569    0.0000    5.2805           0.0000   -0.9636    0.0000   -2.3317    0.0000    1.2038
 2495.0    0.0000  -11.1612    0.0000   -1.9723    0.0000    5.4668           0.0000   -1.1775    0.0000   -2.3591    0.0000    1.2041
 2500.0    0.0000  -11.5191    0.0000   -1.9919    0.0000    5.6564           0.0000   -1.4044    0.0000   -2.3824    0.0000    1.2019
