!  MA19 2000 MEV P(200) CHI/DP=51634/25553                SM05   10/ 7/19
!                    PI0P Waves for L= 2   10/ 7/19
!  WCM     D33  pE   D33  pM   D13  pE   D13  pM   D13  nE   D13  nM
 1080.0   -0.6339   -0.0659    0.2669    0.0506   -0.4677   -0.0749          -0.0000   -0.0000    0.0000    0.0000   -0.0000   -0.0000
 1085.0   -1.0565   -0.1116    0.4493    0.0893   -0.7845   -0.1219          -0.0000   -0.0000    0.0000    0.0000   -0.0000   -0.0000
 1090.0   -1.4435   -0.1547    0.6209    0.1285   -1.0776   -0.1611          -0.0000   -0.0000    0.0000    0.0000   -0.0000   -0.0000
 1095.0   -1.7968   -0.1951    0.7839    0.1680   -1.3499   -0.1923          -0.0001   -0.0000    0.0000    0.0000   -0.0001   -0.0000
 1100.0   -2.1234   -0.2332    0.9397    0.2074   -1.6023   -0.2154          -0.0001   -0.0000    0.0001    0.0000   -0.0002   -0.0000
 1105.0   -2.4227   -0.2688    1.0913    0.2465   -1.8395   -0.2308          -0.0003   -0.0000    0.0002    0.0001   -0.0004   -0.0000
 1110.0   -2.6993   -0.3023    1.2379    0.2845   -2.0601   -0.2388          -0.0005   -0.0001    0.0004    0.0001   -0.0007   -0.0001
 1115.0   -2.9586   -0.3340    1.3824    0.3212   -2.2691   -0.2404          -0.0007   -0.0001    0.0007    0.0002   -0.0011   -0.0001
 1120.0   -3.1974   -0.3634    1.5225    0.3558   -2.4636   -0.2363          -0.0010   -0.0001    0.0011    0.0002   -0.0017   -0.0002
 1125.0   -3.4200   -0.3910    1.6593    0.3878   -2.6463   -0.2282          -0.0014   -0.0002    0.0016    0.0004   -0.0025   -0.0002
 1130.0   -3.6318   -0.4172    1.7935    0.4171   -2.8203   -0.2181          -0.0019   -0.0002    0.0022    0.0005   -0.0035   -0.0003
 1135.0   -3.8273   -0.4413    1.9215    0.4427   -2.9810   -0.2071          -0.0024   -0.0003    0.0030    0.0007   -0.0047   -0.0003
 1140.0   -4.0112   -0.4638    2.0436    0.4648   -3.1310   -0.1977          -0.0030   -0.0003    0.0040    0.0009   -0.0061   -0.0004
 1145.0   -4.1886   -0.4853    2.1588    0.4834   -3.2705   -0.1916          -0.0037   -0.0004    0.0052    0.0012   -0.0078   -0.0005
 1150.0   -4.3526   -0.5048    2.2678    0.4990   -3.4026   -0.1909          -0.0045   -0.0005    0.0066    0.0014   -0.0098   -0.0006
 1155.0   -4.5080   -0.5229    2.3666    0.5113   -3.5215   -0.1959          -0.0053   -0.0006    0.0082    0.0018   -0.0121   -0.0007
 1160.0   -4.6555   -0.5396    2.4584    0.5215   -3.6337   -0.2083          -0.0062   -0.0007    0.0100    0.0021   -0.0148   -0.0008
 1165.0   -4.7959   -0.5550    2.5393    0.5296   -3.7332   -0.2273          -0.0072   -0.0008    0.0121    0.0025   -0.0178   -0.0011
 1170.0   -4.9298   -0.5691    2.6156    0.5373   -3.8303   -0.2544          -0.0082   -0.0009    0.0144    0.0030   -0.0211   -0.0014
 1175.0   -5.0576   -0.5820    2.6821    0.5441   -3.9157   -0.2873          -0.0093   -0.0011    0.0171    0.0035   -0.0249   -0.0018
 1180.0   -5.1799   -0.5937    2.7416    0.5511   -3.9935   -0.3256          -0.0105   -0.0012    0.0200    0.0040   -0.0291   -0.0024
 1185.0   -5.2971   -0.6043    2.7970    0.5590   -4.0677   -0.3688          -0.0116   -0.0013    0.0233    0.0046   -0.0338   -0.0031
 1190.0   -5.4095   -0.6137    2.8474    0.5679   -4.1357   -0.4153          -0.0129   -0.0015    0.0268    0.0054   -0.0390   -0.0039
 1195.0   -5.5176   -0.6221    2.8937    0.5780   -4.1982   -0.4639          -0.0141   -0.0016    0.0308    0.0061   -0.0446   -0.0049
 1200.0   -5.6215   -0.6293    2.9392    0.5901   -4.2595   -0.5141          -0.0154   -0.0017    0.0351    0.0070   -0.0508   -0.0061
 1205.0   -5.7160   -0.6350    2.9798    0.6031   -4.3128   -0.5639          -0.0167   -0.0019    0.0398    0.0080   -0.0575   -0.0075
 1210.0   -5.8122   -0.6402    3.0212    0.6182   -4.3660   -0.6135          -0.0180   -0.0020    0.0449    0.0092   -0.0648   -0.0091
 1215.0   -5.9051   -0.6444    3.0615    0.6348   -4.4160   -0.6617          -0.0193   -0.0021    0.0504    0.0104   -0.0727   -0.0109
 1220.0   -5.9888   -0.6470    3.1012    0.6528   -4.4632   -0.7080          -0.0210   -0.0021    0.0506    0.0144   -0.0789   -0.0224
 1225.0   -6.0752   -0.6493    3.1401    0.6723   -4.5076   -0.7524          -0.0221   -0.0018    0.0426    0.0197   -0.0845   -0.0438
 1230.0   -6.1586   -0.6507    3.1785    0.6932   -4.5496   -0.7947          -0.0232   -0.0015    0.0368    0.0255   -0.0916   -0.0635
 1235.0   -6.2330   -0.6504    3.2193    0.7160   -4.5933   -0.8352          -0.0243   -0.0011    0.0330    0.0318   -0.1000   -0.0816
 1240.0   -6.3107   -0.6499    3.2573    0.7394   -4.6313   -0.8726          -0.0254   -0.0006    0.0312    0.0383   -0.1099   -0.0981
 1245.0   -6.3795   -0.6479    3.2983    0.7644   -4.6715   -0.9075          -0.0266    0.0000    0.0315    0.0450   -0.1212   -0.1132
 1250.0   -6.4518   -0.6456    3.3365    0.7897   -4.7065   -0.9390          -0.0278    0.0008    0.0337    0.0520   -0.1339   -0.1271
 1255.0   -6.5153   -0.6418    3.3779    0.8165   -4.7441   -0.9680          -0.0292    0.0016    0.0377    0.0592   -0.1479   -0.1399
 1260.0   -6.5827   -0.6377    3.4197    0.8439   -4.7808   -0.9939          -0.0307    0.0025    0.0434    0.0667   -0.1633   -0.1519
 1265.0   -6.6412   -0.6322    3.4618    0.8719   -4.8165   -1.0168          -0.0324    0.0036    0.0510    0.0743   -0.1802   -0.1632
 1270.0   -6.7039   -0.6264    3.5042    0.9004   -4.8514   -1.0367          -0.0342    0.0049    0.0602    0.0821   -0.1984   -0.1739
 1275.0   -6.7576   -0.6192    3.5467    0.9293   -4.8856   -1.0538          -0.0364    0.0063    0.0712    0.0902   -0.2181   -0.1842
 1280.0   -6.8158   -0.6117    3.5927    0.9593   -4.9232   -1.0687          -0.0389    0.0078    0.0838    0.0986   -0.2392   -0.1942
 1285.0   -6.8652   -0.6028    3.6358    0.9888   -4.9565   -1.0801          -0.0418    0.0096    0.0981    0.1075   -0.2619   -0.2041
 1290.0   -6.9123   -0.5930    3.6822    1.0192   -4.9934   -1.0895          -0.0452    0.0115    0.1142    0.1167   -0.2862   -0.2139
 1295.0   -6.9642   -0.5831    3.7288    1.0499   -5.0300   -1.0966          -0.0492    0.0136    0.1321    0.1263   -0.3122   -0.2237
 1300.0   -7.0072   -0.5717    3.7749    1.0810   -5.0662   -1.1018          -0.0538    0.0160    0.1517    0.1366   -0.3399   -0.2338
 1305.0   -7.0552   -0.5602    3.8213    1.1121   -5.1023   -1.1047          -0.0592    0.0187    0.1735    0.1476   -0.3696   -0.2441
 1310.0   -7.0943   -0.5472    3.8678    1.1432   -5.1386   -1.1053          -0.0655    0.0216    0.1974    0.1593   -0.4013   -0.2548
 1315.0   -7.1387   -0.5341    3.9141    1.1745   -5.1750   -1.1042          -0.0729    0.0248    0.2232    0.1717   -0.4351   -0.2659
 1320.0   -7.1741   -0.5197    3.9641    1.2066   -5.2155   -1.1015          -0.0815    0.0283    0.2512    0.1851   -0.4709   -0.2774
 1325.0   -7.2149   -0.5051    4.0099    1.2384   -5.2520   -1.0975          -0.0914    0.0322    0.2819    0.1996   -0.5094   -0.2896
 1330.0   -7.2468   -0.4892    4.0599    1.2706   -5.2933   -1.0915          -0.1028    0.0364    0.3155    0.2154   -0.5508   -0.3024
 1335.0   -7.2843   -0.4732    4.1097    1.3031   -5.3349   -1.0842          -0.1159    0.0411    0.3518    0.2323   -0.5951   -0.3158
 1340.0   -7.3128   -0.4561    4.1595    1.3359   -5.3771   -1.0758          -0.1308    0.0462    0.3910    0.2507   -0.6422   -0.3300
 1345.0   -7.3469   -0.4390    4.2096    1.3685   -5.4201   -1.0658          -0.1478    0.0517    0.4338    0.2707   -0.6930   -0.3451
 1350.0   -7.3720   -0.4208    4.2636    1.4019   -5.4680   -1.0546          -0.1668    0.0577    0.4804    0.2924   -0.7476   -0.3608
 1355.0   -7.4028   -0.4027    4.3142    1.4348   -5.5129   -1.0424          -0.1882    0.0641    0.5310    0.3158   -0.8064   -0.3774
 1360.0   -7.4244   -0.3836    4.3689    1.4687   -5.5629   -1.0289          -0.2119    0.0710    0.5860    0.3412   -0.8696   -0.3947
 1365.0   -7.4517   -0.3647    4.4204    1.5019   -5.6102   -1.0144          -0.2380    0.0783    0.6457    0.3687   -0.9376   -0.4128
 1370.0   -7.4699   -0.3450    4.4763    1.5360   -5.6630   -0.9985          -0.2667    0.0860    0.7107    0.3984   -1.0109   -0.4317
 1375.0   -7.4936   -0.3255    4.5292    1.5691   -5.7134   -0.9821          -0.2979    0.0941    0.7817    0.4308   -1.0904   -0.4515
 1380.0   -7.5081   -0.3051    4.5828    1.6029   -5.7656   -0.9647          -0.3317    0.1026    0.8588    0.4655   -1.1760   -0.4719
 1385.0   -7.5207   -0.2846    4.6411    1.6376   -5.8236   -0.9460          -0.3682    0.1115    0.9429    0.5031   -1.2691   -0.4931
 1390.0   -7.5392   -0.2642    4.6964    1.6722   -5.8797   -0.9266          -0.4075    0.1208    1.0348    0.5441   -1.3702   -0.5153
 1395.0   -7.5483   -0.2431    4.7495    1.7059   -5.9342   -0.9068          -0.4495    0.1304    1.1349    0.5885   -1.4799   -0.5385
 1400.0   -7.5554   -0.2218    4.8072    1.7411   -5.9951   -0.8855          -0.4944    0.1403    1.2442    0.6369   -1.5993   -0.5626
 1405.0   -7.5608   -0.2004    4.8593    1.7750   -6.0507   -0.8642          -0.5422    0.1507    1.3639    0.6895   -1.7297   -0.5877
 1410.0   -7.5645   -0.1787    4.9127    1.8097   -6.1091   -0.8420          -0.5931    0.1615    1.4944    0.7469   -1.8719   -0.6139
 1415.0   -7.5663   -0.1568    4.9641    1.8437   -6.1667   -0.8179          -0.6471    0.1726    1.6376    0.8098   -2.0278   -0.6413
 1420.0   -7.5663   -0.1347    5.0135    1.8777   -6.2234   -0.7931          -0.7044    0.1841    1.7944    0.8786   -2.1986   -0.6699
 1425.0   -7.5722   -0.1129    5.0579    1.9100   -6.2757   -0.7672          -0.7650    0.1959    1.9664    0.9543   -2.3860   -0.7003
 1430.0   -7.5686   -0.0906    5.0965    1.9409   -6.3234   -0.7391          -0.8291    0.2084    2.1545    1.0375   -2.5918   -0.7314
 1435.0   -7.5554   -0.0677    5.1296    1.9698   -6.3666   -0.7088          -0.8968    0.2211    2.3608    1.1292   -2.8177   -0.7646
 1440.0   -7.5480   -0.0452    5.1510    1.9949   -6.3974   -0.6775          -0.9681    0.2345    2.5874    1.2299   -3.0665   -0.7986
 1445.0   -7.5386   -0.0225    5.1593    2.0151   -6.4155   -0.6427          -1.0433    0.2482    2.8355    1.3409   -3.3396   -0.8345
 1450.0   -7.5272    0.0003    5.1503    2.0291   -6.4161   -0.6044          -1.1223    0.2626    3.1064    1.4631   -3.6390   -0.8717
 1455.0   -7.5137    0.0231    5.1198    2.0347   -6.3946   -0.5618          -1.2056    0.2774    3.4010    1.5970   -3.9659   -0.9096
 1460.0   -7.4904    0.0461    5.0608    2.0285   -6.3413   -0.5151          -1.2930    0.2929    3.7199    1.7432   -4.3212   -0.9480
 1465.0   -7.4725    0.0689    4.9669    2.0082   -6.2505   -0.4627          -1.3846    0.3090    4.0610    1.9018   -4.7040   -0.9856
 1470.0   -7.4475    0.0916    4.8296    1.9689   -6.1116   -0.4047          -1.4807    0.3257    4.4239    2.0721   -5.1121   -1.0230
 1475.0   -7.4201    0.1143    4.6401    1.9075   -5.9158   -0.3379          -1.5812    0.3431    4.8030    2.2532   -5.5434   -1.0556
 1480.0   -7.3884    0.1370    4.3880    1.8175   -5.6479   -0.2659          -1.6865    0.3613    5.1883    2.4405   -5.9834   -1.0851
 1485.0   -7.3538    0.1593    4.0652    1.6958   -5.3009   -0.1856          -1.7967    0.3801    5.5696    2.6292   -6.4196   -1.1095
 1490.0   -7.3147    0.1813    3.6652    1.5373   -4.8645   -0.0988          -1.9115    0.3997    5.9291    2.8128   -6.8384   -1.1229
 1495.0   -7.2715    0.2030    3.1865    1.3411   -4.3366   -0.0067          -2.0314    0.4202    6.2478    2.9821   -7.2152   -1.1246
 1500.0   -7.2232    0.2245    2.6357    1.1082   -3.7201    0.0872          -2.1561    0.4415    6.4994    3.1255   -7.5187   -1.1129
 1505.0   -7.1695    0.2454    2.0261    0.8439   -3.0299    0.1800          -2.2858    0.4637    6.6658    3.2328   -7.7267   -1.0860
 1510.0   -7.1102    0.2657    1.3828    0.5574   -2.2910    0.2662          -2.4204    0.4868    6.7252    3.2950   -7.8145   -1.0420
 1515.0   -7.0448    0.2853    0.7320    0.2610   -1.5365    0.3429          -2.5605    0.5108    6.6730    3.3065   -7.7704   -0.9845
 1520.0   -6.9731    0.3044    0.1061   -0.0312   -0.8040    0.4061          -2.7042    0.5358    6.5080    3.2650   -7.5883   -0.9172
 1525.0   -6.8938    0.3225   -0.4667   -0.3052   -0.1285    0.4539          -2.8540    0.5618    6.2448    3.1743   -7.2827   -0.8448
 1530.0   -6.8066    0.3397   -0.9650   -0.5504    0.4622    0.4859          -3.0074    0.5886    5.9018    3.0437   -6.8793   -0.7683
 1535.0   -6.7109    0.3558   -1.3765   -0.7595    0.9513    0.5029          -3.1646    0.6167    5.5043    2.8824   -6.4045   -0.6936
 1540.0   -6.6062    0.3705   -1.6983   -0.9294    1.3332    0.5068          -3.3276    0.6456    5.0812    2.7032   -5.8916   -0.6242
 1545.0   -6.4914    0.3840   -1.9356   -1.0612    1.6119    0.5004          -3.4915    0.6754    4.6526    2.5159   -5.3663   -0.5616
 1550.0   -6.3666    0.3960   -2.0981   -1.1581    1.7979    0.4863          -3.6611    0.7061    4.2339    2.3288   -4.8509   -0.5060
 1555.0   -6.2299    0.4064   -2.1982   -1.2248    1.9050    0.4669          -3.8302    0.7377    3.8394    2.1479   -4.3604   -0.4587
 1560.0   -6.0813    0.4148   -2.2477   -1.2663    1.9475    0.4442          -4.0022    0.7701    3.4760    1.9778   -3.9052   -0.4193
 1565.0   -5.9198    0.4212   -2.2594   -1.2881    1.9401    0.4201          -4.1737    0.8031    3.1478    1.8204   -3.4900   -0.3875
 1570.0   -5.7455    0.4256   -2.2434   -1.2947    1.8952    0.3956          -4.3452    0.8366    2.8528    1.6762   -3.1157   -0.3615
 1575.0   -5.5569    0.4276   -2.2064   -1.2894    1.8225    0.3711          -4.5149    0.8706    2.5905    1.5459   -2.7831   -0.3403
 1580.0   -5.3545    0.4270   -2.1576   -1.2761    1.7312    0.3481          -4.6819    0.9049    2.3593    1.4285   -2.4887   -0.3238
 1585.0   -5.1368    0.4239   -2.1002   -1.2565    1.6272    0.3262          -4.8437    0.9390    2.1553    1.3227   -2.2292   -0.3108
 1590.0   -4.9047    0.4180   -2.0382   -1.2329    1.5158    0.3057          -4.9974    0.9731    1.9759    1.2284   -2.0027   -0.3004
 1595.0   -4.6584    0.4094   -1.9747   -1.2068    1.4009    0.2866          -5.1442    1.0066    1.8185    1.1437   -1.8046   -0.2925
 1600.0   -4.3973    0.3978   -1.9123   -1.1794    1.2857    0.2691          -5.2820    1.0394    1.6796    1.0674   -1.6318   -0.2864
 1605.0   -4.1227    0.3833   -1.8487   -1.1508    1.1716    0.2519          -5.4054    1.0709    1.5575    0.9992   -1.4821   -0.2817
 1610.0   -3.8350    0.3661   -1.7918   -1.1228    1.0609    0.2376          -5.5171    1.1012    1.4491    0.9373   -1.3515   -0.2781
 1615.0   -3.5358    0.3460   -1.7378   -1.0948    0.9538    0.2242          -5.6125    1.1297    1.3530    0.8820   -1.2392   -0.2753
 1620.0   -3.2265    0.3230   -1.6892   -1.0680    0.8518    0.2126          -5.6895    1.1558    1.2668    0.8312   -1.1413   -0.2730
 1625.0   -2.9086    0.2977   -1.6428   -1.0416    0.7546    0.2014          -5.7477    1.1798    1.1898    0.7853   -1.0573   -0.2712
 1630.0   -2.5848    0.2700   -1.5969   -1.0162    0.6634    0.1898          -5.7863    1.2009    1.1198    0.7432   -0.9845   -0.2696
 1635.0   -2.2569    0.2403   -1.5595   -0.9921    0.5773    0.1808          -5.8029    1.2190    1.0563    0.7045   -0.9220   -0.2682
 1640.0   -1.9274    0.2090   -1.5219   -0.9687    0.4969    0.1712          -5.7968    1.2337    0.9978    0.6686   -0.8681   -0.2667
 1645.0   -1.5994    0.1764   -1.4928   -0.9465    0.4215    0.1641          -5.7689    1.2449    0.9444    0.6359   -0.8225   -0.2654
 1650.0   -1.2757    0.1429   -1.4606   -0.9247    0.3517    0.1555          -5.7176    1.2527    0.8944    0.6053   -0.7834   -0.2640
 1655.0   -0.9576    0.1090   -1.4379   -0.9045    0.2864    0.1495          -5.6450    1.2565    0.8475    0.5766   -0.7501   -0.2624
 1660.0   -0.6497    0.0750   -1.4113   -0.8846    0.2269    0.1420          -5.5504    1.2569    0.8035    0.5498   -0.7220   -0.2608
 1665.0   -0.3520    0.0415   -1.3883   -0.8655    0.1716    0.1353          -5.4361    1.2536    0.7615    0.5247   -0.6984   -0.2590
 1670.0   -0.0689    0.0087   -1.3701   -0.8473    0.1205    0.1298          -5.3029    1.2468    0.7215    0.5009   -0.6786   -0.2570
 1675.0    0.1996   -0.0228   -1.3556   -0.8310    0.0749    0.1253          -5.1531    1.2366    0.6826    0.4783   -0.6622   -0.2548
 1680.0    0.4516   -0.0529   -1.3388   -0.8137    0.0323    0.1199          -4.9899    1.2235    0.6456    0.4569   -0.6486   -0.2525
 1685.0    0.6841   -0.0811   -1.3225   -0.7979   -0.0056    0.1145          -4.8135    1.2074    0.6095    0.4365   -0.6375   -0.2501
 1690.0    0.8991   -0.1074   -1.3117   -0.7823   -0.0406    0.1107          -4.6266    1.1892    0.5746    0.4172   -0.6285   -0.2475
 1695.0    1.0939   -0.1314   -1.2923   -0.7657   -0.0716    0.1044          -4.4319    1.1685    0.5398    0.3986   -0.6214   -0.2446
 1700.0    1.2689   -0.1530   -1.2901   -0.7530   -0.0990    0.1031          -4.2323    1.1460    0.5060    0.3808   -0.6157   -0.2417
 1705.0    1.4268   -0.1721   -1.2769   -0.7382   -0.1234    0.0988          -4.0287    1.1220    0.4724    0.3636   -0.6113   -0.2385
 1710.0    1.5637   -0.1891   -1.2637   -0.7254   -0.1442    0.0947          -3.8219    1.0970    0.4399    0.3473   -0.6080   -0.2353
 1715.0    1.6844   -0.2033   -1.2517   -0.7104   -0.1638    0.0909          -3.6169    1.0710    0.4073    0.3315   -0.6054   -0.2318
 1720.0    1.7877   -0.2152   -1.2424   -0.6974   -0.1798    0.0881          -3.4118    1.0445    0.3759    0.3163   -0.6035   -0.2284
 1725.0    1.8740   -0.2248   -1.2317   -0.6848   -0.1930    0.0854          -3.2106    1.0177    0.3438    0.3015   -0.6020   -0.2245
 1730.0    1.9457   -0.2322   -1.2248   -0.6727   -0.2039    0.0839          -3.0130    0.9907    0.3134    0.2874   -0.6009   -0.2209
 1735.0    2.0026   -0.2374   -1.2162   -0.6595   -0.2136    0.0821          -2.8201    0.9639    0.2827    0.2738   -0.6000   -0.2170
 1740.0    2.0476   -0.2407   -1.2050   -0.6482   -0.2199    0.0802          -2.6323    0.9376    0.2532    0.2608   -0.5991   -0.2132
 1745.0    2.0806   -0.2422   -1.1938   -0.6362   -0.2251    0.0785          -2.4518    0.9115    0.2237    0.2482   -0.5982   -0.2092
 1750.0    2.1021   -0.2420   -1.1840   -0.6228   -0.2291    0.0774          -2.2766    0.8862    0.1939    0.2359   -0.5973   -0.2050
 1755.0    2.1144   -0.2404   -1.1709   -0.6099   -0.2312    0.0758          -2.1097    0.8614    0.1662    0.2244   -0.5959   -0.2010
 1760.0    2.1180   -0.2374   -1.1594   -0.5995   -0.2306    0.0755          -1.9489    0.8374    0.1374    0.2129   -0.5947   -0.1966
 1765.0    2.1133   -0.2331   -1.1539   -0.5889   -0.2293    0.0769          -1.7951    0.8145    0.1106    0.2023   -0.5926   -0.1924
 1770.0    2.1020   -0.2278   -1.1385   -0.5764   -0.2271    0.0761          -1.6482    0.7923    0.0843    0.1920   -0.5903   -0.1881
 1775.0    2.0840   -0.2215   -1.1320   -0.5674   -0.2225    0.0783          -1.5079    0.7710    0.0571    0.1818   -0.5877   -0.1834
 1780.0    2.0611   -0.2144   -1.1205   -0.5573   -0.2176    0.0796          -1.3748    0.7506    0.0321    0.1725   -0.5846   -0.1790
 1785.0    2.0332   -0.2065   -1.1122   -0.5476   -0.2114    0.0821          -1.2480    0.7312    0.0058    0.1637   -0.5808   -0.1741
 1790.0    2.0012   -0.1984   -1.1006   -0.5364   -0.2048    0.0841          -1.1277    0.7125   -0.0157    0.1550   -0.5764   -0.1700
 1795.0    1.9656   -0.1894   -1.0852   -0.5239   -0.1976    0.0855          -1.0139    0.6949   -0.0420    0.1468   -0.5715   -0.1647
 1800.0    1.9268   -0.1802   -1.0741   -0.5129   -0.1895    0.0884          -0.9054    0.6784   -0.0623    0.1392   -0.5658   -0.1603
 1805.0    1.8844   -0.1706   -1.0597   -0.5066   -0.1790    0.0921          -0.8027    0.6624   -0.0846    0.1314   -0.5596   -0.1553
 1810.0    1.8404   -0.1608   -1.0442   -0.4944   -0.1700    0.0947          -0.7050    0.6475   -0.1066    0.1243   -0.5527   -0.1502
 1815.0    1.7939   -0.1506   -1.0255   -0.4823   -0.1605    0.0972          -0.6121    0.6332   -0.1299    0.1173   -0.5450   -0.1445
 1820.0    1.7453   -0.1404   -1.0156   -0.4728   -0.1501    0.1022          -0.5246    0.6198   -0.1487    0.1111   -0.5366   -0.1395
 1825.0    1.6954   -0.1303   -1.0055   -0.4636   -0.1391    0.1076          -0.4410    0.6070   -0.1689    0.1053   -0.5278   -0.1341
 1830.0    1.6440   -0.1200   -0.9890   -0.4553   -0.1275    0.1124          -0.3618    0.5951   -0.1871    0.0991   -0.5180   -0.1286
 1835.0    1.5914   -0.1097   -0.9801   -0.4484   -0.1156    0.1191          -0.2867    0.5839   -0.2041    0.0945   -0.5078   -0.1233
 1840.0    1.5376   -0.0995   -0.9640   -0.4432   -0.1028    0.1253          -0.2152    0.5731   -0.2250    0.0893   -0.4967   -0.1170
 1845.0    1.4832   -0.0893   -0.9478   -0.4324   -0.0917    0.1307          -0.1473    0.5629   -0.2414    0.0847   -0.4848   -0.1113
 1850.0    1.4279   -0.0792   -0.9367   -0.4234   -0.0800    0.1376          -0.0827    0.5535   -0.2536    0.0799   -0.4723   -0.1060
 1855.0    1.3721   -0.0692   -0.9174   -0.4170   -0.0673    0.1439          -0.0214    0.5445   -0.2664    0.0768   -0.4591   -0.1005
 1860.0    1.3156   -0.0594   -0.9138   -0.4052   -0.0569    0.1519           0.0370    0.5363   -0.2851    0.0725   -0.4453   -0.0936
 1865.0    1.2587   -0.0497   -0.9026   -0.4063   -0.0431    0.1616           0.0927    0.5282   -0.3005    0.0685   -0.4309   -0.0871
 1870.0    1.2015   -0.0402   -0.8772   -0.3982   -0.0311    0.1674           0.1455    0.5208   -0.3165    0.0659   -0.4159   -0.0805
 1875.0    1.1440   -0.0309   -0.8793   -0.3883   -0.0207    0.1773           0.1961    0.5137   -0.3285    0.0630   -0.4002   -0.0743
 1880.0    1.0863   -0.0218   -0.8682   -0.3791   -0.0099    0.1855           0.2440    0.5070   -0.3333    0.0613   -0.3837   -0.0691
 1885.0    1.0284   -0.0128   -0.8349   -0.3715    0.0017    0.1908           0.2900    0.5008   -0.3594    0.0576   -0.3669   -0.0601
 1890.0    0.9708   -0.0041   -0.8398   -0.3741    0.0141    0.2041           0.3336    0.4948   -0.3658    0.0561   -0.3493   -0.0543
 1895.0    0.9127    0.0044   -0.8207   -0.3676    0.0248    0.2121           0.3752    0.4894   -0.3740    0.0538   -0.3309   -0.0478
 1900.0    0.8551    0.0128   -0.8111   -0.3561    0.0338    0.2204           0.4146    0.4841   -0.4044    0.0508   -0.3123   -0.0378
 1905.0    0.7976    0.0209   -0.7950   -0.3473    0.0433    0.2284           0.4526    0.4791   -0.4191    0.0481   -0.2929   -0.0300
 1910.0    0.7403    0.0288   -0.7872   -0.3466    0.0539    0.2394           0.4886    0.4746   -0.4108    0.0497   -0.2733   -0.0261
 1915.0    0.6832    0.0365   -0.7648   -0.3370    0.0625    0.2465           0.5230    0.4700   -0.4252    0.0483   -0.2530   -0.0183
 1920.0    0.6265    0.0439   -0.7603   -0.3365    0.0721    0.2580           0.5554    0.4659   -0.4410    0.0458   -0.2319   -0.0099
 1925.0    0.5705    0.0512   -0.7306   -0.3271    0.0800    0.2641           0.5865    0.4621   -0.4479    0.0458   -0.2107   -0.0031
 1930.0    0.5147    0.0583   -0.7296   -0.3280    0.0888    0.2762           0.6159    0.4582   -0.4658    0.0451   -0.1890    0.0054
 1935.0    0.4596    0.0651   -0.7130   -0.3197    0.0958    0.2843           0.6439    0.4549   -0.4609    0.0446   -0.1665    0.0109
 1940.0    0.4048    0.0718   -0.7021   -0.3229    0.1042    0.2953           0.6705    0.4516   -0.4803    0.0449   -0.1440    0.0196
 1945.0    0.3509    0.0782   -0.6886   -0.3177    0.1107    0.3041           0.6957    0.4485   -0.4757    0.0456   -0.1207    0.0251
 1950.0    0.2983    0.0844   -0.6956   -0.3259    0.1185    0.3182           0.7195    0.4456   -0.4849    0.0437   -0.0968    0.0330
 1955.0    0.2460    0.0905   -0.6600   -0.3208    0.1242    0.3238           0.7420    0.4427   -0.5171    0.0419   -0.0728    0.0438
 1960.0    0.1957    0.0963   -0.6439   -0.3106    0.1283    0.3307           0.7632    0.4401   -0.5236    0.0427   -0.0484    0.0509
 1965.0    0.1452    0.1020   -0.6524   -0.3146    0.1337    0.3433           0.7831    0.4377   -0.5181    0.0438   -0.0235    0.0564
 1970.0    0.0969    0.1075   -0.6255   -0.3079    0.1374    0.3490           0.8017    0.4353   -0.5395    0.0427    0.0018    0.0656
 1975.0    0.0492    0.1128   -0.6073   -0.3077    0.1414    0.3569           0.8191    0.4332   -0.5453    0.0450    0.0272    0.0723
 1980.0    0.0034    0.1179   -0.6112   -0.3100    0.1449    0.3675           0.8353    0.4310   -0.5498    0.0433    0.0536    0.0796
 1985.0   -0.0425    0.1228   -0.5978   -0.3053    0.1470    0.3744           0.8504    0.4291   -0.5572    0.0463    0.0796    0.0862
 1990.0   -0.0849    0.1276   -0.5941   -0.3061    0.1493    0.3830           0.8640    0.4271   -0.5440    0.0491    0.1061    0.0904
 1995.0   -0.1272    0.1322   -0.5812   -0.3069    0.1510    0.3901           0.8767    0.4255   -0.5630    0.0493    0.1332    0.0989
 2000.0   -0.1664    0.1367   -0.5657   -0.3041    0.1516    0.3957           0.8881    0.4238   -0.5945    0.0483    0.1606    0.1089
 2005.0   -0.2034    0.1410   -0.5440   -0.3025    0.1518    0.4003           0.8984    0.4224   -0.5774    0.0544    0.1877    0.1118
 2010.0   -0.2390    0.1451   -0.5158   -0.2997    0.1514    0.4035           0.9075    0.4206   -0.6066    0.0504    0.2162    0.1218
 2015.0   -0.2735    0.1492   -0.5007   -0.3026    0.1510    0.4087           0.9155    0.4192   -0.6042    0.0531    0.2444    0.1268
 2020.0   -0.3043    0.1530   -0.4912   -0.3011    0.1493    0.4131           0.9223    0.4180   -0.6174    0.0542    0.2730    0.1337
 2025.0   -0.3332    0.1568   -0.4793   -0.3030    0.1476    0.4172           0.9278    0.4168   -0.6103    0.0541    0.3021    0.1385
 2030.0   -0.3595    0.1603   -0.4737   -0.3008    0.1445    0.4206           0.9323    0.4156   -0.5982    0.0592    0.3308    0.1415
 2035.0   -0.3834    0.1638   -0.4490   -0.2998    0.1412    0.4214           0.9357    0.4143   -0.6224    0.0624    0.3600    0.1487
 2040.0   -0.4046    0.1672   -0.4521   -0.3056    0.1379    0.4257           0.9378    0.4134   -0.6254    0.0644    0.3896    0.1537
 2045.0   -0.4219    0.1704   -0.4142   -0.3027    0.1332    0.4233           0.9388    0.4124   -0.6450    0.0614    0.4201    0.1611
 2050.0   -0.4368    0.1735   -0.4234   -0.3074    0.1285    0.4264           0.9386    0.4113   -0.6460    0.0666    0.4500    0.1647
 2055.0   -0.4474    0.1765   -0.3721   -0.3039    0.1225    0.4208           0.9372    0.4103   -0.6416    0.0674    0.4805    0.1684
 2060.0   -0.4553    0.1795   -0.3692   -0.3049    0.1162    0.4203           0.9347    0.4096   -0.6544    0.0702    0.5111    0.1733
 2065.0   -0.4603    0.1822   -0.3604   -0.3083    0.1095    0.4186           0.9310    0.4085   -0.6846    0.0677    0.5425    0.1807
 2070.0   -0.4607    0.1849   -0.3459   -0.3065    0.1017    0.4144           0.9261    0.4077   -0.6567    0.0736    0.5735    0.1802
 2075.0   -0.4570    0.1876   -0.3250   -0.3076    0.0936    0.4090           0.9200    0.4072   -0.6808    0.0756    0.6048    0.1856
 2080.0   -0.4499    0.1901   -0.2974   -0.3080    0.0848    0.4018           0.9127    0.4064   -0.6839    0.0793    0.6363    0.1881
 2085.0   -0.4385    0.1925   -0.2634   -0.3079    0.0753    0.3929           0.9041    0.4055   -0.6854    0.0850    0.6679    0.1898
 2090.0   -0.4226    0.1949   -0.2432   -0.3072    0.0651    0.3840           0.8944    0.4050   -0.7049    0.0808    0.7007    0.1948
 2095.0   -0.4021    0.1972   -0.2363   -0.3141    0.0550    0.3767           0.8835    0.4044   -0.7034    0.0860    0.7329    0.1957
 2100.0   -0.3766    0.1994   -0.2030   -0.3137    0.0436    0.3643           0.8712    0.4038   -0.7157    0.0864    0.7656    0.1984
 2105.0   -0.3470    0.2015   -0.1630   -0.3089    0.0311    0.3491           0.8577    0.4032   -0.7267    0.0889    0.7983    0.2003
 2110.0   -0.3098    0.2036   -0.1814   -0.3173    0.0192    0.3407           0.8429    0.4026   -0.7360    0.0934    0.8311    0.2012
 2115.0   -0.2696    0.2056   -0.1276   -0.3143    0.0056    0.3220           0.8270    0.4019   -0.7205    0.1000    0.8641    0.1991
 2120.0   -0.2237    0.2076   -0.1105   -0.3152   -0.0082    0.3060           0.8096    0.4016   -0.7262    0.1038    0.8975    0.1990
 2125.0   -0.1720    0.2095   -0.0654   -0.3150   -0.0229    0.2858           0.7911    0.4013   -0.7060    0.1096    0.9311    0.1958
 2130.0   -0.1130    0.2114   -0.0589   -0.3194   -0.0378    0.2686           0.7712    0.4005   -0.7491    0.1049    0.9655    0.2000
 2135.0   -0.0492    0.2132   -0.0460   -0.3204   -0.0536    0.2485           0.7499    0.4001   -0.7244    0.1152    0.9992    0.1948
 2140.0    0.0211    0.2149   -0.0044   -0.3153   -0.0707    0.2232           0.7273    0.3997   -0.7395    0.1145    1.0338    0.1947
 2145.0    0.0992    0.2167    0.0223   -0.3218   -0.0873    0.1997           0.7035    0.3993   -0.7530    0.1158    1.0684    0.1937
 2150.0    0.1820    0.2184    0.0294   -0.3254   -0.1049    0.1758           0.6782    0.3989   -0.7425    0.1284    1.1023    0.1880
 2155.0    0.2738    0.2201    0.0429   -0.3263   -0.1233    0.1490           0.6515    0.3984   -0.7522    0.1281    1.1376    0.1860
 2160.0    0.3709    0.2217    0.1138   -0.3222   -0.1430    0.1145           0.6235    0.3983   -0.7600    0.1299    1.1730    0.1829
 2165.0    0.4766    0.2233    0.1421   -0.3247   -0.1627    0.0831           0.5941    0.3978   -0.7609    0.1348    1.2078    0.1782
 2170.0    0.5896    0.2249    0.1775   -0.3249   -0.1832    0.0488           0.5634    0.3974   -0.7647    0.1413    1.2433    0.1729
 2175.0    0.7107    0.2265    0.1912   -0.3228   -0.2046    0.0141           0.5311    0.3971   -0.7954    0.1433    1.2795    0.1703
 2180.0    0.8399    0.2281    0.2119   -0.3259   -0.2263   -0.0224           0.4975    0.3968   -0.7903    0.1482    1.3150    0.1634
 2185.0    0.9766    0.2296    0.2395   -0.3275   -0.2488   -0.0617           0.4623    0.3964   -0.7878    0.1472    1.3519    0.1574
 2190.0    1.1227    0.2312    0.3290   -0.3180   -0.2729   -0.1104           0.4258    0.3961   -0.8086    0.1493    1.3882    0.1521
 2195.0    1.2776    0.2327    0.3725   -0.3246   -0.2965   -0.1544           0.3877    0.3958   -0.7966    0.1535    1.4245    0.1431
 2200.0    1.4415    0.2343    0.3921   -0.3220   -0.3214   -0.2003           0.3482    0.3955   -0.7576    0.1701    1.4600    0.1291
 2205.0    1.6146    0.2358    0.4179   -0.3185   -0.3470   -0.2491           0.3071    0.3952   -0.7777    0.1702    1.4978    0.1224
 2210.0    1.7966    0.2374    0.4849   -0.3227   -0.3729   -0.3023           0.2646    0.3949   -0.7909    0.1734    1.5350    0.1139
 2215.0    1.9890    0.2389    0.4931   -0.3262   -0.3995   -0.3532           0.2205    0.3946   -0.8024    0.1788    1.5722    0.1043
 2220.0    2.1915    0.2405    0.5418   -0.3210   -0.4275   -0.4112           0.1749    0.3943   -0.8119    0.1778    1.6101    0.0949
 2225.0    2.4035    0.2421    0.5993   -0.3246   -0.4556   -0.4711           0.1278    0.3940   -0.7942    0.1987    1.6465    0.0788
 2230.0    2.6267    0.2436    0.6294   -0.3190   -0.4851   -0.5328           0.0790    0.3938   -0.7996    0.1929    1.6852    0.0686
 2235.0    2.8602    0.2453    0.6668   -0.3233   -0.5146   -0.5960           0.0287    0.3935   -0.8335    0.1996    1.7224    0.0577
 2240.0    3.1052    0.2469    0.7124   -0.3185   -0.5455   -0.6641          -0.0232    0.3932   -0.8091    0.2091    1.7603    0.0410
 2245.0    3.3611    0.2486    0.8292   -0.3033   -0.5782   -0.7424          -0.0767    0.3930   -0.8456    0.2097    1.7992    0.0300
 2250.0    3.6287    0.2503    0.8916   -0.3001   -0.6105   -0.8171          -0.1318    0.3927   -0.8165    0.2135    1.8379    0.0124
 2255.0    3.9083    0.2519    0.9243   -0.2979   -0.6435   -0.8921          -0.1886    0.3925   -0.8230    0.2195    1.8767   -0.0036
 2260.0    4.1998    0.2537    0.9645   -0.2973   -0.6773   -0.9704          -0.2470    0.3922   -0.8222    0.2287    1.9146   -0.0215
 2265.0    4.5039    0.2555    1.0128   -0.2987   -0.7117   -1.0520          -0.3071    0.3919   -0.8255    0.2392    1.9535   -0.0401
 2270.0    4.8205    0.2573    1.0690   -0.2911   -0.7475   -1.1388          -0.3689    0.3917   -0.8268    0.2408    1.9932   -0.0581
 2275.0    5.1503    0.2592    1.1335   -0.2855   -0.7840   -1.2289          -0.4323    0.3914   -0.8263    0.2443    2.0330   -0.0774
 2280.0    5.4925    0.2611    1.2069   -0.2825   -0.8211   -1.3225          -0.4975    0.3912   -0.7899    0.2633    2.0708   -0.1033
 2285.0    5.8493    0.2630    1.2473   -0.2820   -0.8590   -1.4164          -0.5644    0.3909   -0.8276    0.2593    2.1115   -0.1203
 2290.0    6.2188    0.2650    1.2951   -0.2849   -0.8975   -1.5137          -0.6331    0.3906   -0.7869    0.2706    2.1501   -0.1469
 2295.0    6.6025    0.2671    1.3512   -0.2789   -0.9374   -1.6165          -0.7034    0.3904   -0.7936    0.2831    2.1899   -0.1712
 2300.0    7.0019    0.2692    1.4152   -0.2766   -0.9778   -1.7227          -0.7755    0.3902   -0.7987    0.2850    2.2305   -0.1947
 2305.0    7.4145    0.2713    1.4880   -0.2652   -1.0197   -1.8345          -0.8495    0.3899   -0.7964    0.2896    2.2701   -0.2204
 2310.0    7.8420    0.2735    1.5704   -0.2577   -1.0624   -1.9500          -0.9253    0.3896   -0.7991    0.2950    2.3109   -0.2467
 2315.0    8.2848    0.2758    1.6153   -0.2543   -1.1056   -2.0658          -1.0028    0.3894   -0.7704    0.3021    2.3514   -0.2770
 2320.0    8.7454    0.2782    1.7925   -0.2288   -1.1515   -2.1987          -1.0820    0.3891   -0.8111    0.3123    2.3912   -0.3037
 2325.0    9.2199    0.2806    1.8554   -0.2354   -1.1960   -2.3217          -1.1634    0.3888   -0.8274    0.3089    2.4327   -0.3314
 2330.0    9.7105    0.2830    1.9266   -0.2188   -1.2427   -2.4530          -1.2464    0.3886   -0.7882    0.3220    2.4722   -0.3669
 2335.0   10.2177    0.2855    2.0072   -0.2075   -1.2902   -2.5879          -1.3313    0.3883   -0.8030    0.3272    2.5135   -0.3984
 2340.0   10.7418    0.2882    2.0969   -0.2021   -1.3383   -2.7267          -1.4181    0.3881   -0.7862    0.3423    2.5541   -0.4354
 2345.0   11.2831    0.2908    2.1447   -0.2029   -1.3869   -2.8657          -1.5069    0.3878   -0.7106    0.3553    2.5935   -0.4776
 2350.0   11.8386    0.2936    2.2532   -0.1950   -1.4372   -3.0144          -1.5975    0.3875   -0.7741    0.3514    2.6359   -0.5081
 2355.0   12.4152    0.2964    2.3185   -0.1779   -1.4888   -3.1659          -1.6900    0.3873   -0.7158    0.3744    2.6747   -0.5539
 2360.0   13.0100    0.2993    2.3924   -0.1677   -1.5410   -3.3212          -1.7846    0.3870   -0.7479    0.3783    2.7165   -0.5912
 2365.0   13.6226    0.3022    2.5298   -0.1654   -1.5941   -3.4839          -1.8811    0.3867   -0.7805    0.3784    2.7586   -0.6293
 2370.0   14.2506    0.3053    2.6231   -0.1539   -1.6485   -3.6497          -1.9794    0.3864   -0.7191    0.3906    2.7983   -0.6779
 2375.0   14.9019    0.3084    2.7258   -0.1332   -1.7046   -3.8220          -2.0799    0.3862   -0.7189    0.3997    2.8397   -0.7233
 2380.0   15.5730    0.3117    2.8388   -0.1207   -1.7613   -3.9984          -2.1824    0.3859   -0.7681    0.4061    2.8800   -0.7668
 2385.0   16.2590    0.3150    2.9035   -0.0988   -1.8194   -4.1778          -2.2867    0.3856   -0.6780    0.4222    2.9206   -0.8233
 2390.0   16.9702    0.3184    3.0364   -0.0860   -1.8785   -4.3651          -2.3934    0.3853   -0.6440    0.4341    2.9616   -0.8771
 2395.0   17.6966    0.3219    3.1796   -0.0830   -1.9381   -4.5564          -2.5020    0.3851   -0.6615    0.4447    3.0014   -0.9294
 2400.0   18.4494    0.3255    3.1799   -0.0677   -1.9987   -4.7444          -2.6125    0.3848   -0.6873    0.4493    3.0430   -0.9818
 2405.0   19.2175    0.3291    3.2827   -0.0659   -2.0605   -4.9431          -2.7255    0.3844   -0.6122    0.4660    3.0819   -1.0456
 2410.0   20.0072    0.3329    3.4570   -0.0356   -2.1251   -5.1556          -2.8398    0.3842   -0.6052    0.4788    3.1226   -1.1062
 2415.0   20.8252    0.3368    3.5800   -0.0157   -2.1901   -5.3686          -2.9573    0.3839   -0.5990    0.4862    3.1637   -1.1679
 2420.0   21.6589    0.3408    3.6156   -0.0031   -2.2554   -5.5791          -3.0761    0.3836   -0.5860    0.4911    3.2033   -1.2320
 2425.0   22.5151    0.3448    3.8238    0.0144   -2.3230   -5.8077          -3.1975    0.3833   -0.5466    0.5061    3.2434   -1.3023
 2430.0   23.3923    0.3490    3.9789    0.0414   -2.3923   -6.0398          -3.3210    0.3830   -0.5655    0.5188    3.2822   -1.3712
 2435.0   24.2945    0.3533    4.0440    0.0386   -2.4606   -6.2662          -3.4464    0.3826   -0.5942    0.5241    3.3229   -1.4404
 2440.0   25.2203    0.3576    4.2214    0.0622   -2.5324   -6.5104          -3.5746    0.3823   -0.5146    0.5415    3.3605   -1.5220
 2445.0   26.1702    0.3622    4.3063    0.0775   -2.6042   -6.7520          -3.7048    0.3820   -0.5112    0.5538    3.4002   -1.6005
 2450.0   27.1445    0.3668    4.5057    0.1201   -2.6793   -7.0117          -3.8371    0.3817   -0.5098    0.5616    3.4401   -1.6808
 2455.0   28.1435    0.3715    4.8233    0.1909   -2.7579   -7.2901          -3.9714    0.3815   -0.5105    0.5645    3.4802   -1.7628
 2460.0   29.1678    0.3763    5.2629    0.2908   -2.8400   -7.5874          -4.1077    0.3813   -0.5133    0.5624    3.5204   -1.8467
 2465.0   30.2178    0.3811    5.8288    0.4208   -2.9256   -7.9044          -4.2460    0.3811   -0.5184    0.5551    3.5609   -1.9324
 2470.0   31.2939    0.3861    6.5245    0.5818   -3.0149   -8.2414          -4.3864    0.3810   -0.5257    0.5421    3.6016   -2.0199
 2475.0   32.3965    0.3912    7.3544    0.7747   -3.1079   -8.5989          -4.5287    0.3809   -0.5354    0.5233    3.6424   -2.1093
 2480.0   33.5259    0.3963    8.3223    1.0005   -3.2047   -8.9774          -4.6730    0.3808   -0.5475    0.4983    3.6835   -2.2006
 2485.0   34.6826    0.4016    9.4325    1.2602   -3.3054   -9.3775          -4.8194    0.3808   -0.5620    0.4668    3.7248   -2.2939
 2490.0   35.8671    0.4069   10.6891    1.5548   -3.4100   -9.7996          -4.9676    0.3808   -0.5791    0.4287    3.7662   -2.3891
 2495.0   37.0799    0.4124   12.0964    1.8853   -3.5186  -10.2444          -5.1179    0.3809   -0.5988    0.3834    3.8079   -2.4863
 2500.0   38.3214    0.4179   13.6587    2.2526   -3.6313  -10.7124          -5.2701    0.3810   -0.6211    0.3308    3.8498   -2.5854
