!  MA19 2000 MEV P(200) CHI/DP=51634/25553                SM05   10/ 7/19
!                    PI0P Waves for L= 3   10/ 7/19
!  WCM     F35  pE   F35  pM   F15  pE   F15  pM   F15  nE   F15  nM
 1080.0   -0.0336   -0.0012   -0.0003    0.0031   -0.0208   -0.0058          -0.0000   -0.0000   -0.0000    0.0000   -0.0000   -0.0000
 1085.0   -0.0714   -0.0044    0.0109    0.0069   -0.0451   -0.0116          -0.0000   -0.0000    0.0000    0.0000   -0.0000   -0.0000
 1090.0   -0.1135   -0.0086    0.0274    0.0113   -0.0723   -0.0182          -0.0000   -0.0000    0.0000    0.0000   -0.0000   -0.0000
 1095.0   -0.1576   -0.0136    0.0476    0.0162   -0.1010   -0.0252          -0.0000   -0.0000    0.0000    0.0000   -0.0000   -0.0000
 1100.0   -0.2023   -0.0190    0.0710    0.0215   -0.1303   -0.0327          -0.0000   -0.0000    0.0000    0.0000   -0.0000   -0.0000
 1105.0   -0.2464   -0.0248    0.0968    0.0269   -0.1594   -0.0404          -0.0000   -0.0000    0.0000    0.0000   -0.0000   -0.0000
 1110.0   -0.2900   -0.0309    0.1248    0.0326   -0.1882   -0.0484          -0.0000   -0.0000    0.0000    0.0000   -0.0000   -0.0000
 1115.0   -0.3323   -0.0372    0.1545    0.0382   -0.2161   -0.0565          -0.0000   -0.0000    0.0000    0.0000   -0.0000   -0.0000
 1120.0   -0.3733   -0.0435    0.1861    0.0440   -0.2434   -0.0648          -0.0000   -0.0000    0.0000    0.0000   -0.0000   -0.0000
 1125.0   -0.4123   -0.0499    0.2189    0.0498   -0.2694   -0.0731          -0.0000   -0.0000    0.0000    0.0000   -0.0000   -0.0000
 1130.0   -0.4500   -0.0564    0.2530    0.0556   -0.2946   -0.0816          -0.0000   -0.0000    0.0000    0.0000   -0.0000   -0.0000
 1135.0   -0.4859   -0.0628    0.2879    0.0614   -0.3188   -0.0900          -0.0000   -0.0000    0.0000    0.0000   -0.0000   -0.0000
 1140.0   -0.5202   -0.0693    0.3231    0.0671   -0.3415   -0.0983          -0.0000   -0.0000    0.0000    0.0000   -0.0000   -0.0000
 1145.0   -0.5522   -0.0756    0.3588    0.0728   -0.3636   -0.1067          -0.0000   -0.0000    0.0001    0.0000   -0.0001   -0.0000
 1150.0   -0.5831   -0.0818    0.3942    0.0785   -0.3845   -0.1150           0.0000    0.0000    0.0001    0.0000   -0.0001   -0.0000
 1155.0   -0.6122   -0.0880    0.4292    0.0841   -0.4044   -0.1232           0.0000    0.0000    0.0001    0.0000   -0.0001   -0.0000
 1160.0   -0.6396   -0.0941    0.4632    0.0896   -0.4233   -0.1313           0.0000    0.0000    0.0002    0.0000   -0.0002   -0.0000
 1165.0   -0.6655   -0.1001    0.4957    0.0949   -0.4408   -0.1390           0.0000    0.0000    0.0002    0.0000   -0.0002   -0.0001
 1170.0   -0.6899   -0.1059    0.5270    0.1002   -0.4578   -0.1467           0.0000    0.0000    0.0003    0.0001   -0.0002   -0.0001
 1175.0   -0.7129   -0.1116    0.5566    0.1054   -0.4738   -0.1541           0.0000    0.0000    0.0004    0.0001   -0.0003   -0.0001
 1180.0   -0.7345   -0.1172    0.5848    0.1107   -0.4894   -0.1615           0.0000    0.0000    0.0004    0.0001   -0.0004   -0.0001
 1185.0   -0.7546   -0.1226    0.6105    0.1157   -0.5038   -0.1685           0.0000    0.0000    0.0006    0.0001   -0.0005   -0.0002
 1190.0   -0.7737   -0.1279    0.6340    0.1207   -0.5173   -0.1752           0.0000    0.0000    0.0007    0.0001   -0.0005   -0.0002
 1195.0   -0.7914   -0.1331    0.6554    0.1255   -0.5301   -0.1816           0.0000    0.0000    0.0008    0.0002   -0.0006   -0.0002
 1200.0   -0.8080   -0.1381    0.6747    0.1303   -0.5421   -0.1878           0.0001    0.0000    0.0010    0.0002   -0.0008   -0.0003
 1205.0   -0.8234   -0.1429    0.6925    0.1351   -0.5539   -0.1938           0.0001    0.0000    0.0011    0.0002   -0.0009   -0.0003
 1210.0   -0.8379   -0.1477    0.7078    0.1396   -0.5645   -0.1995           0.0001    0.0000    0.0013    0.0003   -0.0010   -0.0004
 1215.0   -0.8512   -0.1522    0.7219    0.1443   -0.5750   -0.2050           0.0001    0.0000    0.0015    0.0003   -0.0012   -0.0004
 1220.0   -0.8636   -0.1566    0.7336    0.1487   -0.5844   -0.2102           0.0002    0.0000   -0.0033    0.0003   -0.0014   -0.0002
 1225.0   -0.8751   -0.1608    0.7442    0.1532   -0.5937   -0.2152           0.0003    0.0001   -0.0117    0.0003   -0.0016    0.0004
 1230.0   -0.8858   -0.1649    0.7525    0.1575   -0.6019   -0.2198           0.0004    0.0001   -0.0201    0.0003   -0.0018    0.0010
 1235.0   -0.8955   -0.1688    0.7600    0.1618   -0.6101   -0.2244           0.0006    0.0002   -0.0284    0.0003   -0.0019    0.0017
 1240.0   -0.9044   -0.1726    0.7662    0.1661   -0.6178   -0.2287           0.0007    0.0003   -0.0366    0.0003   -0.0021    0.0023
 1245.0   -0.9126   -0.1762    0.7712    0.1704   -0.6250   -0.2328           0.0009    0.0004   -0.0445    0.0004   -0.0024    0.0029
 1250.0   -0.9200   -0.1796    0.7753    0.1746   -0.6317   -0.2367           0.0011    0.0005   -0.0520    0.0004   -0.0026    0.0035
 1255.0   -0.9267   -0.1829    0.7785    0.1787   -0.6380   -0.2405           0.0013    0.0006   -0.0591    0.0005   -0.0029    0.0041
 1260.0   -0.9327   -0.1860    0.7811    0.1829   -0.6438   -0.2440           0.0016    0.0007   -0.0657    0.0005   -0.0031    0.0047
 1265.0   -0.9382   -0.1890    0.7830    0.1870   -0.6492   -0.2473           0.0018    0.0008   -0.0719    0.0006   -0.0034    0.0053
 1270.0   -0.9430   -0.1918    0.7845    0.1910   -0.6542   -0.2505           0.0021    0.0009   -0.0776    0.0007   -0.0037    0.0058
 1275.0   -0.9472   -0.1945    0.7866    0.1952   -0.6594   -0.2538           0.0024    0.0011   -0.0827    0.0008   -0.0041    0.0063
 1280.0   -0.9508   -0.1970    0.7877    0.1993   -0.6636   -0.2567           0.0027    0.0012   -0.0874    0.0010   -0.0044    0.0068
 1285.0   -0.9538   -0.1993    0.7897    0.2035   -0.6680   -0.2597           0.0031    0.0014   -0.0915    0.0011   -0.0048    0.0072
 1290.0   -0.9564   -0.2015    0.7906    0.2075   -0.6715   -0.2624           0.0034    0.0016   -0.0952    0.0013   -0.0052    0.0077
 1295.0   -0.9584   -0.2035    0.7924    0.2117   -0.6753   -0.2651           0.0038    0.0018   -0.0984    0.0015   -0.0056    0.0081
 1300.0   -0.9600   -0.2053    0.7944    0.2159   -0.6787   -0.2678           0.0043    0.0020   -0.1012    0.0017   -0.0060    0.0084
 1305.0   -0.9611   -0.2070    0.7969    0.2201   -0.6818   -0.2704           0.0047    0.0022   -0.1036    0.0020   -0.0065    0.0088
 1310.0   -0.9618   -0.2085    0.7991    0.2243   -0.6846   -0.2729           0.0052    0.0025   -0.1056    0.0022   -0.0070    0.0091
 1315.0   -0.9620   -0.2099    0.8019    0.2286   -0.6871   -0.2753           0.0057    0.0027   -0.1072    0.0025   -0.0075    0.0094
 1320.0   -0.9619   -0.2111    0.8049    0.2329   -0.6893   -0.2776           0.0062    0.0030   -0.1086    0.0028   -0.0080    0.0097
 1325.0   -0.9613   -0.2122    0.8093    0.2374   -0.6918   -0.2802           0.0068    0.0033   -0.1096    0.0032   -0.0086    0.0100
 1330.0   -0.9604   -0.2131    0.8130    0.2418   -0.6934   -0.2824           0.0074    0.0037   -0.1104    0.0036   -0.0091    0.0102
 1335.0   -0.9591   -0.2138    0.8184    0.2464   -0.6954   -0.2848           0.0081    0.0040   -0.1110    0.0040   -0.0098    0.0105
 1340.0   -0.9576   -0.2144    0.8239    0.2511   -0.6970   -0.2872           0.0088    0.0044   -0.1113    0.0044   -0.0104    0.0107
 1345.0   -0.9557   -0.2149    0.8286    0.2556   -0.6978   -0.2892           0.0095    0.0048   -0.1115    0.0049   -0.0111    0.0109
 1350.0   -0.9535   -0.2152    0.8353    0.2603   -0.6990   -0.2915           0.0102    0.0052   -0.1114    0.0054   -0.0118    0.0111
 1355.0   -0.9509   -0.2153    0.8437    0.2654   -0.7005   -0.2941           0.0110    0.0057   -0.1114    0.0060   -0.0126    0.0113
 1360.0   -0.9482   -0.2153    0.8513    0.2703   -0.7012   -0.2963           0.0119    0.0062   -0.1110    0.0066   -0.0134    0.0115
 1365.0   -0.9451   -0.2152    0.8594    0.2753   -0.7016   -0.2985           0.0128    0.0067   -0.1104    0.0073   -0.0142    0.0116
 1370.0   -0.9418   -0.2149    0.8693    0.2807   -0.7023   -0.3010           0.0137    0.0073   -0.1097    0.0080   -0.0151    0.0118
 1375.0   -0.9382   -0.2144    0.8788    0.2858   -0.7022   -0.3032           0.0147    0.0079   -0.1088    0.0088   -0.0160    0.0119
 1380.0   -0.9344   -0.2139    0.8897    0.2914   -0.7025   -0.3058           0.0157    0.0085   -0.1077    0.0096   -0.0169    0.0121
 1385.0   -0.9305   -0.2132    0.9016    0.2970   -0.7025   -0.3083           0.0167    0.0091   -0.1061    0.0106   -0.0179    0.0121
 1390.0   -0.9263   -0.2123    0.9150    0.3030   -0.7029   -0.3113           0.0178    0.0098   -0.1044    0.0115   -0.0190    0.0122
 1395.0   -0.9220   -0.2113    0.9277    0.3088   -0.7025   -0.3138           0.0189    0.0105   -0.1022    0.0126   -0.0201    0.0122
 1400.0   -0.9174   -0.2102    0.9422    0.3151   -0.7025   -0.3168           0.0200    0.0112   -0.0998    0.0138   -0.0212    0.0122
 1405.0   -0.9127   -0.2089    0.9559    0.3212   -0.7015   -0.3194           0.0211    0.0120   -0.0971    0.0150   -0.0224    0.0122
 1410.0   -0.9078   -0.2075    0.9712    0.3277   -0.7010   -0.3224           0.0223    0.0127   -0.0939    0.0163   -0.0237    0.0121
 1415.0   -0.9027   -0.2060    0.9868    0.3344   -0.7002   -0.3254           0.0235    0.0136   -0.0902    0.0178   -0.0250    0.0119
 1420.0   -0.8975   -0.2043    1.0045    0.3415   -0.6998   -0.3289           0.0248    0.0144   -0.0861    0.0194   -0.0263    0.0117
 1425.0   -0.8922   -0.2025    1.0208    0.3485   -0.6986   -0.3320           0.0261    0.0153   -0.0814    0.0211   -0.0278    0.0114
 1430.0   -0.8867   -0.2006    1.0395    0.3559   -0.6977   -0.3356           0.0273    0.0162   -0.0765    0.0229   -0.0293    0.0111
 1435.0   -0.8811   -0.1986    1.0576    0.3636   -0.6965   -0.3391           0.0287    0.0171   -0.0709    0.0249   -0.0309    0.0107
 1440.0   -0.8753   -0.1964    1.0781    0.3717   -0.6958   -0.3432           0.0300    0.0181   -0.0649    0.0270   -0.0325    0.0102
 1445.0   -0.8694   -0.1940    1.0967    0.3798   -0.6941   -0.3469           0.0314    0.0191   -0.0584    0.0293   -0.0343    0.0097
 1450.0   -0.8634   -0.1916    1.1163    0.3884   -0.6929   -0.3510           0.0327    0.0202   -0.0512    0.0318   -0.0361    0.0090
 1455.0   -0.8573   -0.1890    1.1374    0.3973   -0.6914   -0.3552           0.0342    0.0212   -0.0433    0.0345   -0.0380    0.0083
 1460.0   -0.8511   -0.1863    1.1583    0.4064   -0.6896   -0.3595           0.0356    0.0224   -0.0349    0.0375   -0.0400    0.0074
 1465.0   -0.8449   -0.1834    1.1808    0.4160   -0.6882   -0.3643           0.0371    0.0235   -0.0258    0.0407   -0.0421    0.0065
 1470.0   -0.8384   -0.1804    1.2035    0.4260   -0.6865   -0.3693           0.0385    0.0247   -0.0160    0.0441   -0.0443    0.0053
 1475.0   -0.8319   -0.1773    1.2267    0.4363   -0.6845   -0.3743           0.0401    0.0259   -0.0053    0.0479   -0.0467    0.0041
 1480.0   -0.8252   -0.1740    1.2504    0.4472   -0.6829   -0.3798           0.0416    0.0272    0.0062    0.0520   -0.0492    0.0026
 1485.0   -0.8186   -0.1707    1.2749    0.4584   -0.6810   -0.3855           0.0432    0.0286    0.0185    0.0565   -0.0518    0.0010
 1490.0   -0.8118   -0.1671    1.2989    0.4701   -0.6788   -0.3912           0.0448    0.0299    0.0317    0.0614   -0.0546   -0.0008
 1495.0   -0.8050   -0.1635    1.3242    0.4824   -0.6770   -0.3975           0.0464    0.0314    0.0459    0.0667   -0.0575   -0.0027
 1500.0   -0.7981   -0.1597    1.3494    0.4952   -0.6748   -0.4040           0.0481    0.0329    0.0613    0.0725   -0.0605   -0.0050
 1505.0   -0.7911   -0.1558    1.3776    0.5087   -0.6730   -0.4113           0.0498    0.0344    0.0778    0.0788   -0.0638   -0.0075
 1510.0   -0.7839   -0.1518    1.4033    0.5224   -0.6703   -0.4181           0.0515    0.0360    0.0958    0.0858   -0.0673   -0.0103
 1515.0   -0.7768   -0.1476    1.4315    0.5372   -0.6684   -0.4261           0.0533    0.0377    0.1148    0.0935   -0.0710   -0.0134
 1520.0   -0.7696   -0.1433    1.4590    0.5523   -0.6657   -0.4338           0.0552    0.0394    0.1356    0.1019   -0.0750   -0.0169
 1525.0   -0.7624   -0.1389    1.4879    0.5682   -0.6633   -0.4423           0.0570    0.0412    0.1582    0.1111   -0.0792   -0.0209
 1530.0   -0.7550   -0.1343    1.5184    0.5851   -0.6611   -0.4516           0.0590    0.0431    0.1825    0.1213   -0.0837   -0.0253
 1535.0   -0.7477   -0.1296    1.5476    0.6023   -0.6581   -0.4607           0.0609    0.0450    0.2089    0.1326   -0.0885   -0.0303
 1540.0   -0.7402   -0.1248    1.5804    0.6209   -0.6559   -0.4712           0.0629    0.0471    0.2376    0.1451   -0.0937   -0.0359
 1545.0   -0.7326   -0.1198    1.6117    0.6398   -0.6528   -0.4815           0.0650    0.0492    0.2687    0.1588   -0.0992   -0.0421
 1550.0   -0.7251   -0.1147    1.6432    0.6599   -0.6502   -0.4927           0.0671    0.0515    0.3027    0.1742   -0.1052   -0.0492
 1555.0   -0.7176   -0.1095    1.6750    0.6804   -0.6466   -0.5040           0.0693    0.0538    0.3402    0.1913   -0.1116   -0.0572
 1560.0   -0.7100   -0.1042    1.7082    0.7020   -0.6436   -0.5164           0.0716    0.0562    0.3806    0.2103   -0.1185   -0.0661
 1565.0   -0.7023   -0.0986    1.7426    0.7245   -0.6401   -0.5295           0.0739    0.0588    0.4253    0.2314   -0.1260   -0.0762
 1570.0   -0.6946   -0.0930    1.7760    0.7479   -0.6368   -0.5432           0.0764    0.0614    0.4740    0.2552   -0.1341   -0.0876
 1575.0   -0.6869   -0.0873    1.8104    0.7718   -0.6326   -0.5573           0.0788    0.0642    0.5276    0.2818   -0.1429   -0.1006
 1580.0   -0.6792   -0.0814    1.8434    0.7963   -0.6279   -0.5718           0.0813    0.0671    0.5871    0.3115   -0.1523   -0.1153
 1585.0   -0.6714   -0.0755    1.8757    0.8216   -0.6236   -0.5874           0.0840    0.0702    0.6525    0.3450   -0.1627   -0.1320
 1590.0   -0.6636   -0.0693    1.9063    0.8464   -0.6178   -0.6026           0.0868    0.0735    0.7251    0.3826   -0.1738   -0.1510
 1595.0   -0.6559   -0.0631    1.9366    0.8717   -0.6118   -0.6187           0.0896    0.0768    0.8050    0.4248   -0.1859   -0.1726
 1600.0   -0.6480   -0.0568    1.9634    0.8961   -0.6050   -0.6348           0.0926    0.0804    0.8936    0.4724   -0.1989   -0.1971
 1605.0   -0.6402   -0.0503    1.9840    0.9189   -0.5965   -0.6500           0.0956    0.0841    0.9906    0.5258   -0.2131   -0.2251
 1610.0   -0.6324   -0.0437    2.0008    0.9398   -0.5873   -0.6651           0.0988    0.0880    1.0991    0.5857   -0.2281   -0.2568
 1615.0   -0.6246   -0.0370    2.0089    0.9573   -0.5760   -0.6786           0.1021    0.0922    1.2167    0.6527   -0.2445   -0.2926
 1620.0   -0.6168   -0.0303    2.0072    0.9702   -0.5628   -0.6901           0.1056    0.0965    1.3460    0.7272   -0.2614   -0.3328
 1625.0   -0.6091   -0.0234    1.9927    0.9766   -0.5473   -0.6988           0.1092    0.1011    1.4868    0.8098   -0.2796   -0.3784
 1630.0   -0.6013   -0.0164    1.9604    0.9741   -0.5286   -0.7028           0.1129    0.1060    1.6370    0.8995   -0.2974   -0.4280
 1635.0   -0.5936   -0.0094    1.9086    0.9608   -0.5070   -0.7017           0.1168    0.1111    1.7955    0.9969   -0.3161   -0.4831
 1640.0   -0.5859   -0.0023    1.8297    0.9333   -0.4815   -0.6926           0.1209    0.1164    1.9597    1.1001   -0.3342   -0.5423
 1645.0   -0.5783    0.0049    1.7252    0.8896   -0.4521   -0.6752           0.1251    0.1221    2.1257    1.2063   -0.3503   -0.6043
 1650.0   -0.5708    0.0121    1.5890    0.8275   -0.4194   -0.6480           0.1295    0.1280    2.2847    1.3128   -0.3643   -0.6677
 1655.0   -0.5633    0.0193    1.4212    0.7448   -0.3825   -0.6087           0.1340    0.1343    2.4324    1.4149   -0.3747   -0.7304
 1660.0   -0.5560    0.0266    1.2218    0.6416   -0.3424   -0.5573           0.1388    0.1409    2.5586    1.5073   -0.3805   -0.7891
 1665.0   -0.5487    0.0338    0.9959    0.5199   -0.3005   -0.4945           0.1439    0.1479    2.6537    1.5845   -0.3809   -0.8408
 1670.0   -0.5416    0.0410    0.7514    0.3832   -0.2581   -0.4220           0.1491    0.1553    2.7106    1.6409   -0.3753   -0.8823
 1675.0   -0.5346    0.0482    0.4982    0.2371   -0.2168   -0.3425           0.1546    0.1631    2.7263    1.6734   -0.3635   -0.9113
 1680.0   -0.5278    0.0552    0.2474    0.0882   -0.1782   -0.2596           0.1602    0.1712    2.6982    1.6795   -0.3459   -0.9258
 1685.0   -0.5212    0.0622    0.0100   -0.0566   -0.1436   -0.1770           0.1661    0.1798    2.6298    1.6602   -0.3235   -0.9260
 1690.0   -0.5148    0.0690   -0.2050   -0.1916   -0.1138   -0.0982           0.1723    0.1889    2.5273    1.6179   -0.2973   -0.9125
 1695.0   -0.5087    0.0756   -0.3917   -0.3122   -0.0892   -0.0260           0.1786    0.1984    2.3986    1.5573   -0.2692   -0.8878
 1700.0   -0.5029    0.0820   -0.5476   -0.4160   -0.0697    0.0379           0.1853    0.2084    2.2527    1.4837   -0.2411   -0.8550
 1705.0   -0.4973    0.0880   -0.6725   -0.5020   -0.0549    0.0926           0.1922    0.2188    2.0979    1.4012   -0.2129   -0.8157
 1710.0   -0.4921    0.0938   -0.7686   -0.5709   -0.0441    0.1381           0.1993    0.2298    1.9417    1.3145   -0.1860   -0.7728
 1715.0   -0.4873    0.0992   -0.8390   -0.6241   -0.0365    0.1750           0.2066    0.2411    1.7891    1.2273   -0.1610   -0.7288
 1720.0   -0.4830    0.1040   -0.8879   -0.6634   -0.0315    0.2040           0.2142    0.2531    1.6423    1.1420   -0.1383   -0.6846
 1725.0   -0.4790    0.1085   -0.9190   -0.6912   -0.0284    0.2264           0.2219    0.2654    1.5053    1.0602   -0.1176   -0.6414
 1730.0   -0.4757    0.1123   -0.9359   -0.7092   -0.0266    0.2430           0.2298    0.2782    1.3793    0.9832   -0.0989   -0.6002
 1735.0   -0.4729    0.1154   -0.9419   -0.7195   -0.0257    0.2549           0.2379    0.2914    1.2635    0.9115   -0.0824   -0.5614
 1740.0   -0.4706    0.1178   -0.9394   -0.7235   -0.0253    0.2630           0.2461    0.3050    1.1585    0.8451   -0.0678   -0.5251
 1745.0   -0.4691    0.1194   -0.9307   -0.7227   -0.0252    0.2680           0.2543    0.3189    1.0635    0.7842   -0.0548   -0.4914
 1750.0   -0.4681    0.1200   -0.9175   -0.7180   -0.0252    0.2705           0.2625    0.3331    0.9781    0.7284   -0.0432   -0.4603
 1755.0   -0.4679    0.1199   -0.9012   -0.7106   -0.0252    0.2711           0.2706    0.3473    0.9011    0.6774   -0.0330   -0.4316
 1760.0   -0.4684    0.1186   -0.8830   -0.7012   -0.0249    0.2702           0.2787    0.3618    0.8321    0.6310   -0.0238   -0.4053
 1765.0   -0.4697    0.1163   -0.8637   -0.6903   -0.0245    0.2682           0.2865    0.3762    0.7703    0.5887   -0.0157   -0.3812
 1770.0   -0.4717    0.1130   -0.8437   -0.6782   -0.0238    0.2652           0.2940    0.3904    0.7146    0.5500   -0.0084   -0.3590
 1775.0   -0.4745    0.1084   -0.8234   -0.6654   -0.0228    0.2616           0.3012    0.4043    0.6647    0.5147   -0.0018   -0.3386
 1780.0   -0.4781    0.1028   -0.8034   -0.6521   -0.0214    0.2575           0.3080    0.4180    0.6199    0.4825    0.0042   -0.3198
 1785.0   -0.4824    0.0960   -0.7840   -0.6388   -0.0198    0.2532           0.3141    0.4310    0.5797    0.4531    0.0097   -0.3026
 1790.0   -0.4873    0.0883   -0.7650   -0.6253   -0.0179    0.2485           0.3195    0.4433    0.5432    0.4260    0.0147   -0.2867
 1795.0   -0.4928    0.0795   -0.7469   -0.6119   -0.0157    0.2437           0.3244    0.4548    0.5104    0.4012    0.0194   -0.2720
 1800.0   -0.4990    0.0698   -0.7295   -0.5986   -0.0133    0.2388           0.3283    0.4653    0.4808    0.3784    0.0238   -0.2585
 1805.0   -0.5055    0.0591   -0.7129   -0.5855   -0.0106    0.2338           0.3313    0.4747    0.4539    0.3573    0.0279   -0.2459
 1810.0   -0.5124    0.0480   -0.6971   -0.5727   -0.0077    0.2290           0.3334    0.4829    0.4297    0.3380    0.0318   -0.2343
 1815.0   -0.5195    0.0362   -0.6822   -0.5602   -0.0046    0.2241           0.3345    0.4897    0.4078    0.3202    0.0355   -0.2236
 1820.0   -0.5268    0.0240   -0.6681   -0.5481   -0.0013    0.2193           0.3346    0.4952    0.3878    0.3036    0.0391   -0.2135
 1825.0   -0.5340    0.0116   -0.6546   -0.5363    0.0022    0.2146           0.3337    0.4993    0.3695    0.2881    0.0425   -0.2041
 1830.0   -0.5411   -0.0008   -0.6420   -0.5248    0.0058    0.2100           0.3318    0.5019    0.3530    0.2738    0.0459   -0.1954
 1835.0   -0.5481   -0.0130   -0.6300   -0.5137    0.0096    0.2054           0.3289    0.5031    0.3379    0.2604    0.0492   -0.1872
 1840.0   -0.5547   -0.0250   -0.6185   -0.5030    0.0134    0.2010           0.3252    0.5030    0.3240    0.2480    0.0524   -0.1795
 1845.0   -0.5609   -0.0364   -0.6077   -0.4925    0.0173    0.1967           0.3205    0.5015    0.3114    0.2364    0.0556   -0.1724
 1850.0   -0.5665   -0.0473   -0.5974   -0.4825    0.0213    0.1925           0.3151    0.4988    0.2998    0.2256    0.0588   -0.1657
 1855.0   -0.5717   -0.0574   -0.5876   -0.4727    0.0254    0.1883           0.3089    0.4949    0.2892    0.2153    0.0619   -0.1593
 1860.0   -0.5761   -0.0666   -0.5782   -0.4634    0.0294    0.1844           0.3022    0.4901    0.2793    0.2057    0.0651   -0.1533
 1865.0   -0.5799   -0.0749   -0.5694   -0.4544    0.0334    0.1806           0.2949    0.4844    0.2704    0.1967    0.0683   -0.1476
 1870.0   -0.5831   -0.0823   -0.5607   -0.4455    0.0374    0.1768           0.2872    0.4779    0.2620    0.1883    0.0714   -0.1423
 1875.0   -0.5856   -0.0887   -0.5519   -0.4370    0.0416    0.1730           0.2791    0.4708    0.2544    0.1803    0.0746   -0.1372
 1880.0   -0.5873   -0.0939   -0.5439   -0.4287    0.0455    0.1694           0.2709    0.4632    0.2473    0.1727    0.0778   -0.1324
 1885.0   -0.5884   -0.0981   -0.5358   -0.4208    0.0494    0.1659           0.2623    0.4552    0.2408    0.1656    0.0810   -0.1279
 1890.0   -0.5889   -0.1014   -0.5281   -0.4130    0.0532    0.1624           0.2537    0.4470    0.2346    0.1588    0.0843   -0.1236
 1895.0   -0.5887   -0.1036   -0.5200   -0.4057    0.0570    0.1591           0.2451    0.4386    0.2290    0.1524    0.0875   -0.1194
 1900.0   -0.5879   -0.1047   -0.5123   -0.3985    0.0607    0.1559           0.2364    0.4301    0.2237    0.1463    0.0908   -0.1155
 1905.0   -0.5865   -0.1050   -0.5043   -0.3915    0.0643    0.1526           0.2278    0.4216    0.2188    0.1406    0.0941   -0.1118
 1910.0   -0.5847   -0.1043   -0.4968   -0.3846    0.0677    0.1493           0.2193    0.4132    0.2141    0.1351    0.0975   -0.1082
 1915.0   -0.5824   -0.1029   -0.4889   -0.3782    0.0709    0.1464           0.2109    0.4050    0.2098    0.1299    0.1008   -0.1048
 1920.0   -0.5796   -0.1005   -0.4810   -0.3718    0.0740    0.1433           0.2027    0.3970    0.2058    0.1249    0.1042   -0.1015
 1925.0   -0.5764   -0.0974   -0.4728   -0.3658    0.0769    0.1405           0.1947    0.3893    0.2019    0.1201    0.1075   -0.0984
 1930.0   -0.5728   -0.0936   -0.4645   -0.3597    0.0798    0.1374           0.1868    0.3819    0.1983    0.1156    0.1109   -0.0954
 1935.0   -0.5689   -0.0892   -0.4560   -0.3541    0.0824    0.1347           0.1792    0.3748    0.1948    0.1113    0.1142   -0.0925
 1940.0   -0.5648   -0.0841   -0.4477   -0.3485    0.0846    0.1318           0.1717    0.3679    0.1916    0.1071    0.1176   -0.0898
 1945.0   -0.5603   -0.0785   -0.4386   -0.3431    0.0869    0.1291           0.1645    0.3616    0.1884    0.1032    0.1209   -0.0871
 1950.0   -0.5556   -0.0724   -0.4295   -0.3379    0.0888    0.1264           0.1575    0.3556    0.1854    0.0994    0.1242   -0.0846
 1955.0   -0.5507   -0.0658   -0.4206   -0.3326    0.0904    0.1235           0.1508    0.3500    0.1825    0.0958    0.1275   -0.0822
 1960.0   -0.5456   -0.0587   -0.4110   -0.3276    0.0919    0.1208           0.1442    0.3449    0.1797    0.0923    0.1307   -0.0798
 1965.0   -0.5403   -0.0513   -0.4014   -0.3228    0.0931    0.1181           0.1379    0.3401    0.1769    0.0890    0.1339   -0.0775
 1970.0   -0.5350   -0.0434   -0.3917   -0.3180    0.0939    0.1154           0.1318    0.3358    0.1742    0.0858    0.1371   -0.0753
 1975.0   -0.5295   -0.0354   -0.3812   -0.3134    0.0946    0.1128           0.1259    0.3319    0.1716    0.0827    0.1402   -0.0732
 1980.0   -0.5238   -0.0270   -0.3708   -0.3091    0.0948    0.1103           0.1202    0.3284    0.1689    0.0797    0.1432   -0.0712
 1985.0   -0.5181   -0.0183   -0.3599   -0.3048    0.0951    0.1076           0.1147    0.3254    0.1662    0.0769    0.1461   -0.0693
 1990.0   -0.5123   -0.0092   -0.3486   -0.3007    0.0948    0.1052           0.1095    0.3228    0.1635    0.0742    0.1490   -0.0674
 1995.0   -0.5065   -0.0001   -0.3373   -0.2966    0.0943    0.1025           0.1043    0.3206    0.1608    0.0715    0.1517   -0.0656
 2000.0   -0.5005    0.0094   -0.3255   -0.2928    0.0935    0.1001           0.0994    0.3188    0.1580    0.0690    0.1544   -0.0638
 2005.0   -0.4946    0.0188   -0.3135   -0.2889    0.0924    0.0976           0.0946    0.3174    0.1550    0.0666    0.1569   -0.0622
 2010.0   -0.4886    0.0286   -0.3021   -0.2850    0.0909    0.0948           0.0900    0.3164    0.1520    0.0642    0.1593   -0.0606
 2015.0   -0.4826    0.0385   -0.2894   -0.2815    0.0892    0.0924           0.0855    0.3158    0.1488    0.0620    0.1616   -0.0590
 2020.0   -0.4766    0.0484   -0.2769   -0.2779    0.0872    0.0898           0.0812    0.3156    0.1454    0.0598    0.1637   -0.0575
 2025.0   -0.4705    0.0587   -0.2651   -0.2742    0.0847    0.0869           0.0770    0.3158    0.1419    0.0577    0.1656   -0.0560
 2030.0   -0.4645    0.0689   -0.2521   -0.2709    0.0820    0.0844           0.0730    0.3164    0.1381    0.0557    0.1674   -0.0546
 2035.0   -0.4584    0.0792   -0.2380   -0.2680    0.0791    0.0822           0.0691    0.3173    0.1341    0.0538    0.1690   -0.0533
 2040.0   -0.4524    0.0895   -0.2259   -0.2646    0.0756    0.0794           0.0653    0.3186    0.1298    0.0519    0.1704   -0.0520
 2045.0   -0.4463    0.1003   -0.2122   -0.2616    0.0719    0.0769           0.0616    0.3203    0.1250    0.0501    0.1716   -0.0507
 2050.0   -0.4402    0.1108   -0.1993   -0.2586    0.0679    0.0743           0.0581    0.3224    0.1200    0.0484    0.1727   -0.0495
 2055.0   -0.4342    0.1212   -0.1866   -0.2555    0.0635    0.0715           0.0546    0.3247    0.1147    0.0467    0.1736   -0.0484
 2060.0   -0.4282    0.1319   -0.1731   -0.2528    0.0589    0.0689           0.0513    0.3276    0.1089    0.0450    0.1742   -0.0472
 2065.0   -0.4222    0.1425   -0.1597   -0.2501    0.0538    0.0664           0.0480    0.3307    0.1025    0.0435    0.1746   -0.0462
 2070.0   -0.4161    0.1532   -0.1468   -0.2474    0.0485    0.0637           0.0449    0.3342    0.0956    0.0420    0.1747   -0.0451
 2075.0   -0.4102    0.1639   -0.1333   -0.2449    0.0428    0.0612           0.0419    0.3381    0.0880    0.0405    0.1745   -0.0442
 2080.0   -0.4042    0.1748   -0.1210   -0.2422    0.0369    0.0583           0.0389    0.3422    0.0799    0.0391    0.1741   -0.0432
 2085.0   -0.3982    0.1854   -0.1088   -0.2398    0.0305    0.0556           0.0360    0.3467    0.0710    0.0378    0.1734   -0.0423
 2090.0   -0.3923    0.1962   -0.0962   -0.2374    0.0238    0.0529           0.0332    0.3516    0.0613    0.0365    0.1724   -0.0415
 2095.0   -0.3864    0.2067   -0.0845   -0.2350    0.0169    0.0501           0.0305    0.3568    0.0509    0.0352    0.1711   -0.0406
 2100.0   -0.3805    0.2174   -0.0720   -0.2330    0.0097    0.0475           0.0279    0.3623    0.0398    0.0340    0.1697   -0.0399
 2105.0   -0.3746    0.2281   -0.0600   -0.2310    0.0021    0.0449           0.0253    0.3681    0.0275    0.0328    0.1679   -0.0391
 2110.0   -0.3688    0.2387   -0.0507   -0.2285   -0.0058    0.0417           0.0229    0.3744    0.0142    0.0317    0.1657   -0.0384
 2115.0   -0.3630    0.2493   -0.0408   -0.2264   -0.0140    0.0387           0.0204    0.3810    0.0000    0.0306    0.1633   -0.0377
 2120.0   -0.3572    0.2597   -0.0293   -0.2248   -0.0225    0.0363           0.0181    0.3878   -0.0154    0.0296    0.1606   -0.0371
 2125.0   -0.3514    0.2702   -0.0208   -0.2227   -0.0312    0.0332           0.0158    0.3950   -0.0320    0.0286    0.1575   -0.0365
 2130.0   -0.3457    0.2807   -0.0109   -0.2210   -0.0403    0.0305           0.0136    0.4026   -0.0500    0.0276    0.1540   -0.0359
 2135.0   -0.3400    0.2910   -0.0027   -0.2193   -0.0497    0.0276           0.0115    0.4104   -0.0692    0.0267    0.1503   -0.0354
 2140.0   -0.3342    0.3012    0.0027   -0.2172   -0.0592    0.0242           0.0094    0.4186   -0.0898    0.0258    0.1463   -0.0349
 2145.0   -0.3286    0.3112    0.0113   -0.2159   -0.0691    0.0217           0.0074    0.4269   -0.1121    0.0249    0.1418   -0.0344
 2150.0   -0.3229    0.3214    0.0163   -0.2141   -0.0793    0.0185           0.0054    0.4359   -0.1359    0.0241    0.1371   -0.0340
 2155.0   -0.3173    0.3313    0.0206   -0.2125   -0.0896    0.0153           0.0035    0.4448   -0.1614    0.0233    0.1319   -0.0336
 2160.0   -0.3117    0.3412    0.0254   -0.2111   -0.1004    0.0124           0.0016    0.4544   -0.1887    0.0225    0.1265   -0.0332
 2165.0   -0.3061    0.3509    0.0288   -0.2098   -0.1113    0.0094          -0.0001    0.4641   -0.2178    0.0218    0.1208   -0.0328
 2170.0   -0.3005    0.3606    0.0314   -0.2085   -0.1224    0.0064          -0.0019    0.4740   -0.2489    0.0210    0.1146   -0.0325
 2175.0   -0.2950    0.3702    0.0318   -0.2071   -0.1338    0.0032          -0.0036    0.4843   -0.2819    0.0203    0.1081   -0.0322
 2180.0   -0.2895    0.3795    0.0307   -0.2057   -0.1454   -0.0002          -0.0052    0.4951   -0.3172    0.0197    0.1012   -0.0320
 2185.0   -0.2840    0.3886    0.0309   -0.2047   -0.1572   -0.0031          -0.0067    0.5060   -0.3547    0.0191    0.0940   -0.0317
 2190.0   -0.2786    0.3977    0.0266   -0.2033   -0.1693   -0.0067          -0.0082    0.5173   -0.3946    0.0185    0.0864   -0.0315
 2195.0   -0.2731    0.4067    0.0237   -0.2023   -0.1816   -0.0098          -0.0097    0.5288   -0.4365    0.0179    0.0785   -0.0313
 2200.0   -0.2678    0.4153    0.0190   -0.2013   -0.1941   -0.0130          -0.0111    0.5405   -0.4815    0.0174    0.0703   -0.0312
 2205.0   -0.2624    0.4239    0.0121   -0.2002   -0.2068   -0.0164          -0.0125    0.5526   -0.5286    0.0168    0.0616   -0.0310
 2210.0   -0.2570    0.4324    0.0032   -0.1992   -0.2197   -0.0199          -0.0137    0.5651   -0.5787    0.0163    0.0527   -0.0309
 2215.0   -0.2517    0.4407   -0.0043   -0.1986   -0.2327   -0.0230          -0.0150    0.5775   -0.6316    0.0158    0.0433   -0.0308
 2220.0   -0.2464    0.4488   -0.0166   -0.1975   -0.2460   -0.0266          -0.0162    0.5906   -0.6872    0.0153    0.0337   -0.0307
 2225.0   -0.2411    0.4566   -0.0285   -0.1968   -0.2594   -0.0300          -0.0173    0.6037   -0.7462    0.0149    0.0237   -0.0307
 2230.0   -0.2359    0.4642   -0.0421   -0.1962   -0.2730   -0.0333          -0.0184    0.6172   -0.8078    0.0145    0.0133   -0.0306
 2235.0   -0.2307    0.4716   -0.0582   -0.1954   -0.2869   -0.0369          -0.0194    0.6309   -0.8725    0.0140    0.0026   -0.0306
 2240.0   -0.2255    0.4787   -0.0764   -0.1947   -0.3008   -0.0406          -0.0204    0.6450   -0.9412    0.0137   -0.0084   -0.0306
 2245.0   -0.2204    0.4858   -0.0969   -0.1939   -0.3149   -0.0443          -0.0214    0.6590   -1.0131    0.0133   -0.0197   -0.0306
 2250.0   -0.2153    0.4927   -0.1162   -0.1937   -0.3292   -0.0477          -0.0222    0.6735   -1.0882    0.0130   -0.0314   -0.0307
 2255.0   -0.2102    0.4991   -0.1377   -0.1934   -0.3436   -0.0510          -0.0231    0.6881   -1.1667    0.0126   -0.0434   -0.0307
 2260.0   -0.2051    0.5055   -0.1656   -0.1925   -0.3582   -0.0552          -0.0239    0.7032   -1.2492    0.0123   -0.0557   -0.0308
 2265.0   -0.2001    0.5116   -0.1920   -0.1921   -0.3728   -0.0588          -0.0246    0.7183   -1.3359    0.0120   -0.0683   -0.0308
 2270.0   -0.1951    0.5175   -0.2216   -0.1917   -0.3877   -0.0627          -0.0253    0.7338   -1.4262    0.0118   -0.0812   -0.0309
 2275.0   -0.1902    0.5228   -0.2502   -0.1918   -0.4027   -0.0660          -0.0259    0.7494   -1.5203    0.0115   -0.0944   -0.0310
 2280.0   -0.1853    0.5280   -0.2848   -0.1913   -0.4178   -0.0701          -0.0265    0.7650   -1.6183    0.0113   -0.1079   -0.0311
 2285.0   -0.1804    0.5331   -0.3186   -0.1913   -0.4331   -0.0737          -0.0270    0.7810   -1.7210    0.0111   -0.1217   -0.0313
 2290.0   -0.1755    0.5378   -0.3592   -0.1907   -0.4484   -0.0780          -0.0275    0.7973   -1.8281    0.0108   -0.1358   -0.0313
 2295.0   -0.1707    0.5423   -0.3981   -0.1907   -0.4639   -0.0818          -0.0280    0.8137   -1.9390    0.0107   -0.1501   -0.0315
 2300.0   -0.1660    0.5465   -0.4404   -0.1906   -0.4795   -0.0858          -0.0283    0.8303   -2.0547    0.0105   -0.1647   -0.0317
 2305.0   -0.1612    0.5505   -0.4861   -0.1904   -0.4953   -0.0899          -0.0287    0.8468   -2.1750    0.0103   -0.1796   -0.0318
 2310.0   -0.1565    0.5540   -0.5302   -0.1908   -0.5111   -0.0935          -0.0290    0.8638   -2.2989    0.0102   -0.1946   -0.0319
 2315.0   -0.1519    0.5576   -0.5813   -0.1906   -0.5270   -0.0978          -0.0292    0.8809   -2.4283    0.0100   -0.2100   -0.0320
 2320.0   -0.1472    0.5606   -0.6324   -0.1909   -0.5431   -0.1017          -0.0294    0.8980   -2.5633    0.0100   -0.2256   -0.0322
 2325.0   -0.1427    0.5633   -0.6901   -0.1906   -0.5593   -0.1063          -0.0296    0.9153   -2.7025    0.0099   -0.2414   -0.0324
 2330.0   -0.1381    0.5657   -0.7475   -0.1907   -0.5756   -0.1105          -0.0297    0.9327   -2.8462    0.0098   -0.2574   -0.0325
 2335.0   -0.1336    0.5677   -0.8066   -0.1909   -0.5918   -0.1147          -0.0298    0.9504   -2.9957    0.0097   -0.2737   -0.0326
 2340.0   -0.1292    0.5697   -0.8707   -0.1911   -0.6083   -0.1190          -0.0298    0.9679   -3.1499    0.0096   -0.2902   -0.0328
 2345.0   -0.1248    0.5712   -0.9329   -0.1919   -0.6249   -0.1227          -0.0298    0.9859   -3.3089    0.0096   -0.3068   -0.0329
 2350.0   -0.1204    0.5722   -1.0034   -0.1919   -0.6416   -0.1274          -0.0297    1.0038   -3.4738    0.0096   -0.3237   -0.0330
 2355.0   -0.1161    0.5733   -1.0778   -0.1918   -0.6583   -0.1323          -0.0296    1.0216   -3.6434    0.0095   -0.3407   -0.0331
 2360.0   -0.1118    0.5736   -1.1502   -0.1924   -0.6751   -0.1365          -0.0295    1.0396   -3.8196    0.0096   -0.3579   -0.0333
 2365.0   -0.1076    0.5740   -1.2265   -0.1930   -0.6920   -0.1408          -0.0293    1.0578   -3.9989    0.0096   -0.3751   -0.0334
 2370.0   -0.1034    0.5740   -1.3069   -0.1935   -0.7091   -0.1452          -0.0291    1.0758   -4.1862    0.0096   -0.3927   -0.0335
 2375.0   -0.0993    0.5737   -1.3913   -0.1939   -0.7262   -0.1498          -0.0288    1.0941   -4.3772    0.0097   -0.4103   -0.0336
 2380.0   -0.0953    0.5730   -1.4798   -0.1943   -0.7434   -0.1546          -0.0285    1.1125   -4.5759    0.0098   -0.4282   -0.0336
 2385.0   -0.0912    0.5719   -1.5707   -0.1946   -0.7606   -0.1595          -0.0282    1.1308   -4.7782    0.0098   -0.4460   -0.0337
 2390.0   -0.0872    0.5708   -1.6615   -0.1957   -0.7780   -0.1637          -0.0278    1.1490   -4.9872    0.0100   -0.4640   -0.0338
 2395.0   -0.0833    0.5690   -1.7606   -0.1959   -0.7954   -0.1689          -0.0274    1.1674   -5.2011    0.0101   -0.4821   -0.0338
 2400.0   -0.0794    0.5671   -1.8598   -0.1968   -0.8130   -0.1733          -0.0270    1.1856   -5.4214    0.0102   -0.5003   -0.0337
 2405.0   -0.0756    0.5649   -1.9619   -0.1976   -0.8305   -0.1781          -0.0265    1.2040   -5.6470    0.0103   -0.5186   -0.0337
 2410.0   -0.0719    0.5624   -2.0676   -0.1985   -0.8481   -0.1828          -0.0260    1.2223   -5.8799    0.0105   -0.5371   -0.0337
 2415.0   -0.0681    0.5596   -2.1805   -0.1992   -0.8661   -0.1878          -0.0254    1.2407   -6.1176    0.0107   -0.5555   -0.0336
 2420.0   -0.0645    0.5566   -2.2950   -0.1999   -0.8838   -0.1929          -0.0249    1.2590   -6.3602    0.0109   -0.5739   -0.0336
 2425.0   -0.0608    0.5531   -2.4139   -0.2006   -0.9017   -0.1980          -0.0243    1.2772   -6.6101    0.0111   -0.5925   -0.0335
 2430.0   -0.0573    0.5494   -2.5373   -0.2012   -0.9197   -0.2033          -0.0237    1.2952   -6.8668    0.0113   -0.6112   -0.0333
 2435.0   -0.0538    0.5454   -2.6593   -0.2025   -0.9377   -0.2079          -0.0230    1.3134   -7.1263    0.0116   -0.6297   -0.0332
 2440.0   -0.0503    0.5411   -2.7918   -0.2031   -0.9558   -0.2135          -0.0223    1.3314   -7.3955    0.0118   -0.6485   -0.0330
 2445.0   -0.0469    0.5367   -2.9229   -0.2043   -0.9740   -0.2184          -0.0216    1.3496   -7.6664    0.0121   -0.6669   -0.0328
 2450.0   -0.0436    0.5315   -3.0587   -0.2055   -0.9922   -0.2234          -0.0209    1.3676   -7.9450    0.0124   -0.6855   -0.0325
 2455.0   -0.0403    0.5257   -3.1992   -0.2066   -1.0106   -0.2286          -0.0201    1.3855   -8.2312    0.0127   -0.7042   -0.0323
 2460.0   -0.0370    0.5191   -3.3444   -0.2077   -1.0290   -0.2339          -0.0193    1.4033   -8.5252    0.0131   -0.7231   -0.0320
 2465.0   -0.0338    0.5117   -3.4943   -0.2088   -1.0475   -0.2393          -0.0185    1.4209   -8.8273    0.0136   -0.7420   -0.0318
 2470.0   -0.0307    0.5036   -3.6492   -0.2097   -1.0661   -0.2449          -0.0177    1.4383   -9.1375    0.0141   -0.7611   -0.0315
 2475.0   -0.0276    0.4948   -3.8089   -0.2107   -1.0847   -0.2506          -0.0168    1.4556   -9.4560    0.0146   -0.7803   -0.0312
 2480.0   -0.0246    0.4851   -3.9735   -0.2116   -1.1034   -0.2564          -0.0160    1.4728   -9.7830    0.0152   -0.7996   -0.0309
 2485.0   -0.0216    0.4747   -4.1431   -0.2124   -1.1222   -0.2623          -0.0151    1.4897  -10.1186    0.0159   -0.8190   -0.0306
 2490.0   -0.0187    0.4635   -4.3177   -0.2132   -1.1410   -0.2684          -0.0142    1.5065  -10.4629    0.0166   -0.8386   -0.0303
 2495.0   -0.0158    0.4515   -4.4975   -0.2139   -1.1599   -0.2745          -0.0132    1.5232  -10.8163    0.0174   -0.8582   -0.0300
 2500.0   -0.0130    0.4387   -4.6822   -0.2146   -1.1789   -0.2808          -0.0123    1.5396  -11.1786    0.0182   -0.8780   -0.0297
