!  MA19 2000 MEV P(200) CHI/DP=51634/25553                SM05    1
!                    PI0P Waves for L= 4    1/22/21
!  WCM     G37  pE   G37  pM   G17  pE   G17  pM   G17  nE   G17  nM
 1080.0   -0.0025   -0.0003    0.0016    0.0002   -0.0017   -0.0002          -0.0000   -0.0000    0.0000    0.0000   -0.0000   -0.0000
 1085.0   -0.0070   -0.0009    0.0047    0.0006   -0.0047   -0.0006          -0.0000   -0.0000    0.0000    0.0000   -0.0000   -0.0000
 1090.0   -0.0134   -0.0016    0.0088    0.0012   -0.0089   -0.0012          -0.0000   -0.0000    0.0000    0.0000   -0.0000   -0.0000
 1095.0   -0.0210   -0.0023    0.0139    0.0020   -0.0140   -0.0020          -0.0000   -0.0000    0.0000    0.0000   -0.0000   -0.0000
 1100.0   -0.0298   -0.0030    0.0197    0.0029   -0.0199   -0.0029          -0.0000   -0.0000    0.0000    0.0000   -0.0000   -0.0000
 1105.0   -0.0393   -0.0035    0.0259    0.0039   -0.0262   -0.0039          -0.0000   -0.0000    0.0000    0.0000   -0.0000   -0.0000
 1110.0   -0.0494   -0.0039    0.0326    0.0050   -0.0330   -0.0050          -0.0000   -0.0000    0.0000    0.0000   -0.0000   -0.0000
 1115.0   -0.0600   -0.0041    0.0395    0.0062   -0.0400   -0.0062          -0.0000   -0.0000    0.0000    0.0000   -0.0000   -0.0000
 1120.0   -0.0708   -0.0042    0.0466    0.0074   -0.0472   -0.0075          -0.0000   -0.0000    0.0000    0.0000   -0.0000   -0.0000
 1125.0   -0.0817   -0.0042    0.0538    0.0087   -0.0545   -0.0089          -0.0000   -0.0000    0.0000    0.0000   -0.0000   -0.0000
 1130.0   -0.0927   -0.0042    0.0609    0.0101   -0.0619   -0.0103          -0.0000   -0.0000    0.0000    0.0000   -0.0000   -0.0000
 1135.0   -0.1036   -0.0041    0.0681    0.0115   -0.0692   -0.0117          -0.0000   -0.0000    0.0000    0.0000   -0.0000   -0.0000
 1140.0   -0.1145   -0.0041    0.0752    0.0129   -0.0764   -0.0132          -0.0000   -0.0000    0.0000    0.0000   -0.0000   -0.0000
 1145.0   -0.1252   -0.0041    0.0822    0.0143   -0.0836   -0.0147          -0.0000   -0.0000    0.0000    0.0000   -0.0000   -0.0000
 1150.0   -0.1358   -0.0043    0.0891    0.0158   -0.0907   -0.0162          -0.0000   -0.0000    0.0000    0.0000   -0.0000   -0.0000
 1155.0   -0.1461   -0.0047    0.0958    0.0172   -0.0976   -0.0178          -0.0000   -0.0000    0.0000    0.0000   -0.0000   -0.0000
 1160.0   -0.1562   -0.0052    0.1024    0.0187   -0.1044   -0.0193          -0.0000   -0.0000    0.0000    0.0000   -0.0000   -0.0000
 1165.0   -0.1661   -0.0060    0.1087    0.0201   -0.1110   -0.0209          -0.0000   -0.0000    0.0000    0.0000   -0.0000   -0.0000
 1170.0   -0.1757   -0.0070    0.1149    0.0215   -0.1175   -0.0224          -0.0000   -0.0000    0.0000    0.0000   -0.0000   -0.0000
 1175.0   -0.1850   -0.0083    0.1210    0.0230   -0.1237   -0.0240          -0.0000   -0.0000    0.0000    0.0000   -0.0000   -0.0000
 1180.0   -0.1941   -0.0099    0.1268    0.0244   -0.1298   -0.0256          -0.0000   -0.0000    0.0000    0.0000   -0.0000   -0.0000
 1185.0   -0.2029   -0.0117    0.1324    0.0258   -0.1357   -0.0271          -0.0000   -0.0000    0.0000    0.0000   -0.0000   -0.0000
 1190.0   -0.2114   -0.0138    0.1379    0.0272   -0.1415   -0.0287          -0.0000   -0.0000    0.0000    0.0000   -0.0000   -0.0000
 1195.0   -0.2196   -0.0162    0.1431    0.0285   -0.1470   -0.0302          -0.0000   -0.0000    0.0000    0.0000   -0.0000   -0.0000
 1200.0   -0.2275   -0.0189    0.1482    0.0299   -0.1524   -0.0317          -0.0000   -0.0000    0.0000    0.0000   -0.0000   -0.0000
 1205.0   -0.2352   -0.0218    0.1531    0.0312   -0.1576   -0.0332          -0.0000   -0.0000    0.0000    0.0000   -0.0000   -0.0000
 1210.0   -0.2425   -0.0250    0.1578    0.0325   -0.1626   -0.0347          -0.0000   -0.0000    0.0000    0.0000   -0.0000   -0.0000
 1215.0   -0.2496   -0.0283    0.1623    0.0338   -0.1674   -0.0362          -0.0000   -0.0000    0.0000    0.0000   -0.0000   -0.0000
 1220.0   -0.2565   -0.0319    0.1666    0.0351   -0.1721   -0.0376          -0.0000   -0.0000    0.0000    0.0000   -0.0000   -0.0000
 1225.0   -0.2631   -0.0357    0.1707    0.0363   -0.1766   -0.0391          -0.0000   -0.0000    0.0001    0.0000   -0.0001   -0.0000
 1230.0   -0.2694   -0.0396    0.1747    0.0375   -0.1809   -0.0405          -0.0000   -0.0000    0.0001    0.0000   -0.0001   -0.0000
 1235.0   -0.2755   -0.0436    0.1786    0.0387   -0.1851   -0.0419          -0.0000   -0.0000    0.0001    0.0000   -0.0001   -0.0000
 1240.0   -0.2814   -0.0478    0.1822    0.0399   -0.1891   -0.0433          -0.0000   -0.0000    0.0001    0.0000   -0.0001   -0.0000
 1245.0   -0.2870   -0.0520    0.1857    0.0410   -0.1930   -0.0447          -0.0000   -0.0000    0.0001    0.0000   -0.0001   -0.0000
 1250.0   -0.2924   -0.0564    0.1891    0.0421   -0.1968   -0.0460          -0.0000   -0.0000    0.0001    0.0000   -0.0001   -0.0000
 1255.0   -0.2976   -0.0607    0.1923    0.0432   -0.2004   -0.0473          -0.0000   -0.0000    0.0001    0.0000   -0.0001   -0.0000
 1260.0   -0.3026   -0.0651    0.1954    0.0443   -0.2039   -0.0486          -0.0000   -0.0000    0.0001    0.0000   -0.0001   -0.0000
 1265.0   -0.3073   -0.0695    0.1984    0.0454   -0.2072   -0.0499          -0.0000   -0.0000    0.0002    0.0000   -0.0002   -0.0000
 1270.0   -0.3119   -0.0738    0.2012    0.0464   -0.2105   -0.0512          -0.0000   -0.0000    0.0002    0.0000   -0.0002   -0.0000
 1275.0   -0.3163   -0.0781    0.2039    0.0474   -0.2136   -0.0524          -0.0000   -0.0000    0.0002    0.0001   -0.0002   -0.0000
 1280.0   -0.3205   -0.0823    0.2064    0.0484   -0.2166   -0.0537          -0.0001   -0.0000    0.0002    0.0001   -0.0002   -0.0001
 1285.0   -0.3245   -0.0865    0.2089    0.0494   -0.2195   -0.0549          -0.0001   -0.0000    0.0002    0.0001   -0.0002   -0.0001
 1290.0   -0.3284   -0.0905    0.2112    0.0504   -0.2223   -0.0560          -0.0001   -0.0000    0.0003    0.0001   -0.0003   -0.0001
 1295.0   -0.3321   -0.0945    0.2135    0.0513   -0.2250   -0.0572          -0.0001   -0.0000    0.0003    0.0001   -0.0003   -0.0001
 1300.0   -0.3356   -0.0983    0.2156    0.0522   -0.2276   -0.0584          -0.0001   -0.0000    0.0003    0.0001   -0.0003   -0.0001
 1305.0   -0.3389   -0.1019    0.2177    0.0532   -0.2301   -0.0595          -0.0001   -0.0000    0.0004    0.0001   -0.0004   -0.0001
 1310.0   -0.3422   -0.1055    0.2196    0.0541   -0.2325   -0.0606          -0.0001   -0.0000    0.0004    0.0001   -0.0004   -0.0001
 1315.0   -0.3452   -0.1088    0.2215    0.0550   -0.2348   -0.0617          -0.0001   -0.0000    0.0004    0.0001   -0.0004   -0.0001
 1320.0   -0.3482   -0.1120    0.2232    0.0558   -0.2371   -0.0627          -0.0001   -0.0000    0.0005    0.0001   -0.0005   -0.0001
 1325.0   -0.3510   -0.1149    0.2249    0.0567   -0.2393   -0.0638          -0.0001   -0.0000    0.0005    0.0002   -0.0005   -0.0001
 1330.0   -0.3536   -0.1177    0.2265    0.0576   -0.2413   -0.0648          -0.0001   -0.0000    0.0005    0.0002   -0.0006   -0.0001
 1335.0   -0.3562   -0.1203    0.2280    0.0584   -0.2434   -0.0658          -0.0001   -0.0000    0.0006    0.0002   -0.0006   -0.0002
 1340.0   -0.3586   -0.1227    0.2295    0.0592   -0.2453   -0.0668          -0.0001   -0.0000    0.0006    0.0002   -0.0007   -0.0002
 1345.0   -0.3609   -0.1249    0.2308    0.0601   -0.2472   -0.0678          -0.0001   -0.0000    0.0007    0.0002   -0.0007   -0.0002
 1350.0   -0.3631   -0.1269    0.2321    0.0609   -0.2490   -0.0688          -0.0001   -0.0000    0.0007    0.0003   -0.0008   -0.0002
 1355.0   -0.3651   -0.1286    0.2334    0.0617   -0.2508   -0.0697          -0.0001   -0.0000    0.0008    0.0003   -0.0008   -0.0002
 1360.0   -0.3671   -0.1302    0.2345    0.0625   -0.2525   -0.0707          -0.0001   -0.0000    0.0009    0.0003   -0.0009   -0.0002
 1365.0   -0.3690   -0.1315    0.2356    0.0633   -0.2541   -0.0716          -0.0001   -0.0000    0.0009    0.0003   -0.0010   -0.0002
 1370.0   -0.3707   -0.1327    0.2367    0.0641   -0.2557   -0.0725          -0.0001   -0.0000    0.0010    0.0004   -0.0010   -0.0003
 1375.0   -0.3724   -0.1336    0.2377    0.0649   -0.2572   -0.0734          -0.0001   -0.0000    0.0011    0.0004   -0.0011   -0.0003
 1380.0   -0.3740   -0.1343    0.2386    0.0657   -0.2587   -0.0742          -0.0001   -0.0000    0.0011    0.0004   -0.0012   -0.0003
 1385.0   -0.3755   -0.1348    0.2395    0.0665   -0.2602   -0.0751          -0.0001   -0.0000    0.0012    0.0005   -0.0013   -0.0003
 1390.0   -0.3769   -0.1351    0.2404    0.0673   -0.2616   -0.0760          -0.0001   -0.0000    0.0013    0.0005   -0.0014   -0.0004
 1395.0   -0.3782   -0.1352    0.2412    0.0680   -0.2629   -0.0768          -0.0001   -0.0000    0.0014    0.0006   -0.0014   -0.0004
 1400.0   -0.3794   -0.1351    0.2419    0.0688   -0.2642   -0.0776          -0.0001   -0.0000    0.0015    0.0006   -0.0015   -0.0004
 1405.0   -0.3806   -0.1348    0.2426    0.0696   -0.2655   -0.0784          -0.0001   -0.0000    0.0015    0.0007   -0.0016   -0.0004
 1410.0   -0.3816   -0.1344    0.2433    0.0704   -0.2667   -0.0792          -0.0001   -0.0000    0.0016    0.0007   -0.0017   -0.0005
 1415.0   -0.3826   -0.1337    0.2439    0.0712   -0.2679   -0.0800          -0.0000   -0.0000    0.0017    0.0008   -0.0018   -0.0005
 1420.0   -0.3836   -0.1329    0.2445    0.0720   -0.2691   -0.0808          -0.0000   -0.0000    0.0018    0.0008   -0.0019   -0.0005
 1425.0   -0.3844   -0.1319    0.2450    0.0728   -0.2702   -0.0815          -0.0000   -0.0000    0.0019    0.0009   -0.0021   -0.0006
 1430.0   -0.3852   -0.1307    0.2456    0.0736   -0.2713   -0.0823          -0.0000   -0.0000    0.0020    0.0010   -0.0022   -0.0006
 1435.0   -0.3860   -0.1294    0.2460    0.0744   -0.2723   -0.0830          -0.0000   -0.0000    0.0021    0.0010   -0.0023   -0.0006
 1440.0   -0.3866   -0.1280    0.2465    0.0752   -0.2734   -0.0838          -0.0000   -0.0000    0.0023    0.0011   -0.0024   -0.0007
 1445.0   -0.3872   -0.1264    0.2469    0.0761   -0.2744   -0.0845          -0.0000   -0.0000    0.0024    0.0012   -0.0025   -0.0007
 1450.0   -0.3878   -0.1246    0.2473    0.0769   -0.2753   -0.0852           0.0000    0.0000    0.0025    0.0013   -0.0027   -0.0007
 1455.0   -0.3883   -0.1228    0.2476    0.0777   -0.2763   -0.0859           0.0000    0.0000    0.0026    0.0014   -0.0028   -0.0008
 1460.0   -0.3887   -0.1208    0.2480    0.0786   -0.2772   -0.0866           0.0000    0.0000    0.0028    0.0015   -0.0030   -0.0008
 1465.0   -0.3891   -0.1187    0.2483    0.0794   -0.2781   -0.0873           0.0000    0.0000    0.0029    0.0015   -0.0031   -0.0009
 1470.0   -0.3894   -0.1166    0.2486    0.0803   -0.2790   -0.0879           0.0000    0.0000    0.0030    0.0017   -0.0032   -0.0009
 1475.0   -0.3897   -0.1143    0.2488    0.0812   -0.2798   -0.0886           0.0001    0.0000    0.0032    0.0018   -0.0034   -0.0010
 1480.0   -0.3899   -0.1119    0.2491    0.0821   -0.2807   -0.0892           0.0001    0.0000    0.0033    0.0019   -0.0036   -0.0010
 1485.0   -0.3901   -0.1095    0.2493    0.0830   -0.2815   -0.0899           0.0001    0.0000    0.0035    0.0020   -0.0037   -0.0011
 1490.0   -0.3902   -0.1070    0.2495    0.0839   -0.2823   -0.0905           0.0001    0.0000    0.0036    0.0021   -0.0039   -0.0011
 1495.0   -0.3903   -0.1044    0.2497    0.0848   -0.2830   -0.0912           0.0001    0.0000    0.0038    0.0023   -0.0041   -0.0012
 1500.0   -0.3903   -0.1018    0.2498    0.0858   -0.2838   -0.0918           0.0001    0.0000    0.0040    0.0024   -0.0043   -0.0013
 1505.0   -0.3903   -0.0991    0.2499    0.0867   -0.2845   -0.0924           0.0001    0.0001    0.0041    0.0025   -0.0045   -0.0013
 1510.0   -0.3903   -0.0964    0.2501    0.0877   -0.2852   -0.0930           0.0001    0.0001    0.0043    0.0027   -0.0046   -0.0014
 1515.0   -0.3902   -0.0937    0.2502    0.0887   -0.2860   -0.0936           0.0002    0.0001    0.0045    0.0029   -0.0048   -0.0014
 1520.0   -0.3900   -0.0909    0.2503    0.0897   -0.2866   -0.0942           0.0002    0.0001    0.0047    0.0030   -0.0050   -0.0015
 1525.0   -0.3899   -0.0881    0.2503    0.0907   -0.2873   -0.0948           0.0002    0.0001    0.0049    0.0032   -0.0053   -0.0016
 1530.0   -0.3897   -0.0853    0.2504    0.0917   -0.2880   -0.0954           0.0002    0.0001    0.0051    0.0034   -0.0055   -0.0017
 1535.0   -0.3894   -0.0825    0.2505    0.0927   -0.2886   -0.0960           0.0002    0.0001    0.0053    0.0036   -0.0057   -0.0017
 1540.0   -0.3891   -0.0797    0.2505    0.0938   -0.2892   -0.0965           0.0002    0.0001    0.0055    0.0038   -0.0059   -0.0018
 1545.0   -0.3888   -0.0769    0.2505    0.0949   -0.2899   -0.0971           0.0003    0.0001    0.0057    0.0040   -0.0062   -0.0019
 1550.0   -0.3885   -0.0741    0.2505    0.0960   -0.2905   -0.0977           0.0003    0.0002    0.0059    0.0043   -0.0064   -0.0020
 1555.0   -0.3881   -0.0713    0.2505    0.0971   -0.2911   -0.0982           0.0003    0.0002    0.0062    0.0045   -0.0066   -0.0021
 1560.0   -0.3877   -0.0686    0.2505    0.0982   -0.2917   -0.0987           0.0003    0.0002    0.0064    0.0048   -0.0069   -0.0022
 1565.0   -0.3872   -0.0658    0.2505    0.0994   -0.2922   -0.0993           0.0003    0.0002    0.0066    0.0050   -0.0072   -0.0023
 1570.0   -0.3868   -0.0631    0.2505    0.1005   -0.2928   -0.0998           0.0004    0.0002    0.0069    0.0053   -0.0074   -0.0024
 1575.0   -0.3862   -0.0604    0.2505    0.1017   -0.2933   -0.1003           0.0004    0.0002    0.0071    0.0056   -0.0077   -0.0025
 1580.0   -0.3857   -0.0578    0.2504    0.1029   -0.2939   -0.1008           0.0004    0.0003    0.0074    0.0059   -0.0080   -0.0026
 1585.0   -0.3851   -0.0552    0.2504    0.1042   -0.2944   -0.1013           0.0004    0.0003    0.0077    0.0062   -0.0083   -0.0027
 1590.0   -0.3846   -0.0527    0.2503    0.1054   -0.2949   -0.1019           0.0004    0.0003    0.0079    0.0065   -0.0086   -0.0028
 1595.0   -0.3839   -0.0501    0.2503    0.1067   -0.2954   -0.1023           0.0005    0.0003    0.0082    0.0069   -0.0089   -0.0030
 1600.0   -0.3833   -0.0477    0.2502    0.1080   -0.2959   -0.1028           0.0005    0.0004    0.0085    0.0072   -0.0092   -0.0031
 1605.0   -0.3826   -0.0453    0.2502    0.1093   -0.2964   -0.1033           0.0005    0.0004    0.0088    0.0076   -0.0095   -0.0032
 1610.0   -0.3819   -0.0429    0.2501    0.1107   -0.2969   -0.1038           0.0005    0.0005    0.0091    0.0080   -0.0098   -0.0034
 1615.0   -0.3812   -0.0406    0.2500    0.1120   -0.2974   -0.1043           0.0006    0.0005    0.0094    0.0084   -0.0101   -0.0035
 1620.0   -0.3804   -0.0384    0.2499    0.1134   -0.2978   -0.1047           0.0006    0.0005    0.0097    0.0088   -0.0105   -0.0036
 1625.0   -0.3797   -0.0362    0.2498    0.1148   -0.2983   -0.1052           0.0006    0.0006    0.0100    0.0093   -0.0108   -0.0038
 1630.0   -0.3789   -0.0340    0.2498    0.1162   -0.2987   -0.1056           0.0006    0.0006    0.0104    0.0097   -0.0112   -0.0040
 1635.0   -0.3781   -0.0320    0.2497    0.1177   -0.2991   -0.1060           0.0007    0.0007    0.0107    0.0102   -0.0115   -0.0041
 1640.0   -0.3772   -0.0299    0.2496    0.1192   -0.2996   -0.1065           0.0007    0.0007    0.0111    0.0107   -0.0119   -0.0043
 1645.0   -0.3764   -0.0280    0.2495    0.1207   -0.3000   -0.1069           0.0007    0.0008    0.0114    0.0113   -0.0123   -0.0045
 1650.0   -0.3755   -0.0261    0.2494    0.1222   -0.3004   -0.1073           0.0007    0.0009    0.0118    0.0118   -0.0127   -0.0046
 1655.0   -0.3746   -0.0243    0.2493    0.1238   -0.3008   -0.1077           0.0008    0.0009    0.0122    0.0124   -0.0131   -0.0048
 1660.0   -0.3737   -0.0225    0.2492    0.1253   -0.3012   -0.1081           0.0008    0.0010    0.0125    0.0130   -0.0135   -0.0050
 1665.0   -0.3727   -0.0207    0.2491    0.1269   -0.3015   -0.1085           0.0008    0.0011    0.0129    0.0136   -0.0139   -0.0052
 1670.0   -0.3718   -0.0191    0.2490    0.1285   -0.3019   -0.1089           0.0009    0.0012    0.0133    0.0143   -0.0143   -0.0054
 1675.0   -0.3708   -0.0175    0.2489    0.1302   -0.3023   -0.1092           0.0009    0.0013    0.0137    0.0150   -0.0147   -0.0056
 1680.0   -0.3698   -0.0159    0.2488    0.1319   -0.3026   -0.1096           0.0009    0.0014    0.0142    0.0157   -0.0152   -0.0059
 1685.0   -0.3688   -0.0144    0.2487    0.1336   -0.3029   -0.1100           0.0009    0.0015    0.0146    0.0165   -0.0156   -0.0061
 1690.0   -0.3677   -0.0129    0.2486    0.1353   -0.3033   -0.1103           0.0010    0.0016    0.0150    0.0172   -0.0161   -0.0063
 1695.0   -0.3667   -0.0115    0.2485    0.1370   -0.3036   -0.1106           0.0010    0.0017    0.0155    0.0181   -0.0165   -0.0066
 1700.0   -0.3656   -0.0101    0.2484    0.1388   -0.3039   -0.1109           0.0010    0.0018    0.0160    0.0189   -0.0170   -0.0068
 1705.0   -0.3645   -0.0088    0.2483    0.1406   -0.3042   -0.1113           0.0011    0.0020    0.0164    0.0198   -0.0175   -0.0071
 1710.0   -0.3634   -0.0075    0.2482    0.1424   -0.3045   -0.1115           0.0011    0.0021    0.0169    0.0207   -0.0180   -0.0074
 1715.0   -0.3623   -0.0062    0.2481    0.1442   -0.3047   -0.1118           0.0011    0.0023    0.0174    0.0217   -0.0185   -0.0077
 1720.0   -0.3611   -0.0049    0.2481    0.1461   -0.3050   -0.1121           0.0012    0.0024    0.0179    0.0227   -0.0190   -0.0080
 1725.0   -0.3600   -0.0037    0.2480    0.1480   -0.3052   -0.1124           0.0012    0.0026    0.0185    0.0237   -0.0195   -0.0083
 1730.0   -0.3588   -0.0025    0.2479    0.1499   -0.3055   -0.1126           0.0012    0.0028    0.0190    0.0248   -0.0201   -0.0086
 1735.0   -0.3576   -0.0013    0.2478    0.1518   -0.3057   -0.1129           0.0012    0.0030    0.0195    0.0260   -0.0206   -0.0089
 1740.0   -0.3564   -0.0002    0.2477    0.1538   -0.3059   -0.1131           0.0013    0.0032    0.0201    0.0272   -0.0211   -0.0092
 1745.0   -0.3552    0.0010    0.2477    0.1557   -0.3061   -0.1133           0.0013    0.0034    0.0207    0.0284   -0.0217   -0.0096
 1750.0   -0.3540    0.0021    0.2476    0.1577   -0.3063   -0.1135           0.0013    0.0036    0.0213    0.0297   -0.0223   -0.0100
 1755.0   -0.3528    0.0033    0.2475    0.1597   -0.3064   -0.1137           0.0014    0.0038    0.0219    0.0310   -0.0228   -0.0103
 1760.0   -0.3515    0.0044    0.2475    0.1618   -0.3065   -0.1139           0.0014    0.0041    0.0225    0.0324   -0.0234   -0.0107
 1765.0   -0.3502    0.0056    0.2474    0.1638   -0.3067   -0.1141           0.0014    0.0043    0.0231    0.0339   -0.0240   -0.0111
 1770.0   -0.3489    0.0068    0.2473    0.1659   -0.3068   -0.1143           0.0015    0.0046    0.0238    0.0354   -0.0246   -0.0115
 1775.0   -0.3477    0.0080    0.2473    0.1679   -0.3069   -0.1144           0.0015    0.0048    0.0244    0.0370   -0.0252   -0.0119
 1780.0   -0.3463    0.0092    0.2472    0.1700   -0.3069   -0.1145           0.0015    0.0051    0.0251    0.0386   -0.0258   -0.0124
 1785.0   -0.3450    0.0105    0.2472    0.1721   -0.3070   -0.1147           0.0016    0.0054    0.0258    0.0403   -0.0265   -0.0128
 1790.0   -0.3437    0.0118    0.2472    0.1742   -0.3070   -0.1148           0.0016    0.0058    0.0265    0.0421   -0.0271   -0.0133
 1795.0   -0.3423    0.0131    0.2471    0.1763   -0.3070   -0.1149           0.0016    0.0061    0.0272    0.0440   -0.0277   -0.0138
 1800.0   -0.3410    0.0145    0.2471    0.1784   -0.3070   -0.1150           0.0017    0.0065    0.0279    0.0459   -0.0284   -0.0143
 1805.0   -0.3396    0.0159    0.2471    0.1806   -0.3070   -0.1151           0.0017    0.0068    0.0287    0.0479   -0.0290   -0.0148
 1810.0   -0.3382    0.0174    0.2470    0.1827   -0.3069   -0.1151           0.0017    0.0072    0.0295    0.0500   -0.0297   -0.0153
 1815.0   -0.3369    0.0190    0.2470    0.1848   -0.3068   -0.1152           0.0018    0.0076    0.0303    0.0521   -0.0304   -0.0159
 1820.0   -0.3355    0.0205    0.2470    0.1869   -0.3067   -0.1152           0.0018    0.0080    0.0311    0.0544   -0.0310   -0.0165
 1825.0   -0.3340    0.0223    0.2470    0.1890   -0.3065   -0.1153           0.0018    0.0084    0.0319    0.0567   -0.0317   -0.0170
 1830.0   -0.3326    0.0241    0.2470    0.1911   -0.3064   -0.1153           0.0019    0.0089    0.0327    0.0591   -0.0324   -0.0176
 1835.0   -0.3312    0.0260    0.2470    0.1931   -0.3062   -0.1154           0.0019    0.0094    0.0335    0.0617   -0.0331   -0.0183
 1840.0   -0.3298    0.0279    0.2470    0.1952   -0.3059   -0.1154           0.0019    0.0099    0.0344    0.0643   -0.0337   -0.0189
 1845.0   -0.3283    0.0300    0.2470    0.1972   -0.3057   -0.1155           0.0020    0.0104    0.0353    0.0670   -0.0344   -0.0195
 1850.0   -0.3268    0.0322    0.2469    0.1992   -0.3054   -0.1155           0.0020    0.0109    0.0362    0.0698   -0.0351   -0.0202
 1855.0   -0.3254    0.0345    0.2469    0.2011   -0.3051   -0.1155           0.0020    0.0114    0.0371    0.0727   -0.0358   -0.0209
 1860.0   -0.3239    0.0369    0.2469    0.2031   -0.3047   -0.1156           0.0021    0.0120    0.0380    0.0757   -0.0364   -0.0216
 1865.0   -0.3224    0.0394    0.2469    0.2049   -0.3043   -0.1156           0.0021    0.0126    0.0389    0.0788   -0.0371   -0.0223
 1870.0   -0.3209    0.0421    0.2469    0.2067   -0.3039   -0.1157           0.0021    0.0132    0.0399    0.0820   -0.0377   -0.0231
 1875.0   -0.3194    0.0449    0.2469    0.2085   -0.3034   -0.1157           0.0022    0.0139    0.0408    0.0853   -0.0384   -0.0238
 1880.0   -0.3179    0.0479    0.2469    0.2102   -0.3029   -0.1158           0.0022    0.0145    0.0418    0.0887   -0.0390   -0.0246
 1885.0   -0.3163    0.0510    0.2469    0.2118   -0.3023   -0.1159           0.0022    0.0152    0.0428    0.0922   -0.0396   -0.0254
 1890.0   -0.3148    0.0543    0.2469    0.2134   -0.3018   -0.1161           0.0022    0.0159    0.0438    0.0959   -0.0402   -0.0262
 1895.0   -0.3133    0.0577    0.2469    0.2148   -0.3011   -0.1162           0.0023    0.0167    0.0448    0.0996   -0.0408   -0.0270
 1900.0   -0.3117    0.0613    0.2468    0.2162   -0.3005   -0.1164           0.0023    0.0174    0.0458    0.1034   -0.0414   -0.0279
 1905.0   -0.3101    0.0650    0.2468    0.2174   -0.2998   -0.1166           0.0023    0.0182    0.0468    0.1074   -0.0419   -0.0287
 1910.0   -0.3086    0.0690    0.2467    0.2186   -0.2990   -0.1169           0.0024    0.0190    0.0478    0.1115   -0.0425   -0.0296
 1915.0   -0.3070    0.0732    0.2467    0.2196   -0.2982   -0.1172           0.0024    0.0199    0.0488    0.1156   -0.0430   -0.0305
 1920.0   -0.3054    0.0775    0.2466    0.2205   -0.2974   -0.1175           0.0024    0.0207    0.0498    0.1199   -0.0434   -0.0314
 1925.0   -0.3038    0.0820    0.2465    0.2213   -0.2965   -0.1179           0.0025    0.0217    0.0508    0.1242   -0.0438   -0.0323
 1930.0   -0.3022    0.0867    0.2464    0.2219   -0.2956   -0.1184           0.0025    0.0226    0.0518    0.1286   -0.0442   -0.0332
 1935.0   -0.3006    0.0917    0.2463    0.2223   -0.2947   -0.1189           0.0025    0.0235    0.0528    0.1332   -0.0446   -0.0341
 1940.0   -0.2990    0.0968    0.2462    0.2226   -0.2937   -0.1195           0.0026    0.0245    0.0537    0.1378   -0.0449   -0.0350
 1945.0   -0.2974    0.1022    0.2460    0.2228   -0.2927   -0.1202           0.0026    0.0256    0.0547    0.1424   -0.0451   -0.0359
 1950.0   -0.2958    0.1079    0.2458    0.2227   -0.2916   -0.1210           0.0026    0.0266    0.0556    0.1472   -0.0453   -0.0368
 1955.0   -0.2941    0.1137    0.2456    0.2224   -0.2905   -0.1219           0.0027    0.0277    0.0566    0.1519   -0.0455   -0.0377
 1960.0   -0.2925    0.1198    0.2454    0.2220   -0.2894   -0.1229           0.0027    0.0288    0.0575    0.1568   -0.0456   -0.0386
 1965.0   -0.2909    0.1261    0.2451    0.2213   -0.2883   -0.1240           0.0027    0.0300    0.0583    0.1616   -0.0456   -0.0395
 1970.0   -0.2892    0.1327    0.2448    0.2204   -0.2871   -0.1252           0.0028    0.0312    0.0591    0.1665   -0.0456   -0.0404
 1975.0   -0.2876    0.1395    0.2445    0.2193   -0.2859   -0.1265           0.0028    0.0324    0.0599    0.1714   -0.0455   -0.0413
 1980.0   -0.2859    0.1466    0.2442    0.2180   -0.2847   -0.1279           0.0028    0.0337    0.0607    0.1763   -0.0453   -0.0421
 1985.0   -0.2842    0.1539    0.2438    0.2164   -0.2835   -0.1295           0.0029    0.0350    0.0614    0.1811   -0.0451   -0.0429
 1990.0   -0.2825    0.1615    0.2434    0.2146   -0.2822   -0.1313           0.0029    0.0364    0.0621    0.1859   -0.0448   -0.0437
 1995.0   -0.2809    0.1694    0.2429    0.2126   -0.2810   -0.1332           0.0029    0.0378    0.0627    0.1907   -0.0444   -0.0445
 2000.0   -0.2792    0.1775    0.2424    0.2103   -0.2797   -0.1352           0.0029    0.0392    0.0632    0.1954   -0.0439   -0.0452
 2005.0   -0.2775    0.1860    0.2419    0.2078   -0.2785   -0.1374           0.0030    0.0407    0.0637    0.2000   -0.0434   -0.0459
 2010.0   -0.2758    0.1947    0.2413    0.2051   -0.2773   -0.1397           0.0030    0.0422    0.0642    0.2045   -0.0428   -0.0466
 2015.0   -0.2741    0.2037    0.2407    0.2021   -0.2760   -0.1422           0.0030    0.0437    0.0645    0.2089   -0.0421   -0.0472
 2020.0   -0.2724    0.2130    0.2400    0.1989   -0.2749   -0.1449           0.0031    0.0453    0.0649    0.2132   -0.0413   -0.0477
 2025.0   -0.2707    0.2226    0.2393    0.1955   -0.2737   -0.1478           0.0031    0.0470    0.0651    0.2173   -0.0404   -0.0482
 2030.0   -0.2690    0.2324    0.2386    0.1919   -0.2726   -0.1508           0.0031    0.0487    0.0653    0.2212   -0.0395   -0.0487
 2035.0   -0.2672    0.2426    0.2378    0.1881   -0.2715   -0.1540           0.0032    0.0504    0.0653    0.2250   -0.0385   -0.0491
 2040.0   -0.2655    0.2531    0.2369    0.1841   -0.2704   -0.1573           0.0032    0.0522    0.0654    0.2285   -0.0374   -0.0494
 2045.0   -0.2638    0.2639    0.2361    0.1799   -0.2694   -0.1608           0.0032    0.0540    0.0653    0.2319   -0.0362   -0.0497
 2050.0   -0.2621    0.2750    0.2352    0.1756   -0.2684   -0.1645           0.0032    0.0559    0.0652    0.2350   -0.0350   -0.0499
 2055.0   -0.2603    0.2864    0.2342    0.1711   -0.2675   -0.1683           0.0033    0.0579    0.0650    0.2379   -0.0337   -0.0500
 2060.0   -0.2586    0.2982    0.2332    0.1665   -0.2667   -0.1722           0.0033    0.0598    0.0647    0.2405   -0.0323   -0.0501
 2065.0   -0.2568    0.3102    0.2322    0.1618   -0.2659   -0.1763           0.0033    0.0619    0.0643    0.2429   -0.0309   -0.0502
 2070.0   -0.2551    0.3226    0.2312    0.1569   -0.2652   -0.1806           0.0034    0.0640    0.0639    0.2450   -0.0294   -0.0501
 2075.0   -0.2533    0.3353    0.2301    0.1520   -0.2646   -0.1850           0.0034    0.0661    0.0634    0.2468   -0.0279   -0.0500
 2080.0   -0.2516    0.3483    0.2290    0.1471   -0.2641   -0.1894           0.0034    0.0683    0.0628    0.2484   -0.0263   -0.0498
 2085.0   -0.2498    0.3617    0.2278    0.1421   -0.2636   -0.1940           0.0034    0.0706    0.0622    0.2497   -0.0247   -0.0496
 2090.0   -0.2480    0.3754    0.2267    0.1371   -0.2632   -0.1987           0.0035    0.0729    0.0615    0.2507   -0.0231   -0.0493
 2095.0   -0.2463    0.3894    0.2255    0.1321   -0.2629   -0.2035           0.0035    0.0753    0.0608    0.2515   -0.0214   -0.0490
 2100.0   -0.2445    0.4037    0.2243    0.1271   -0.2626   -0.2084           0.0035    0.0777    0.0599    0.2520   -0.0198   -0.0485
 2105.0   -0.2427    0.4183    0.2231    0.1221   -0.2625   -0.2133           0.0036    0.0802    0.0591    0.2523   -0.0181   -0.0481
 2110.0   -0.2410    0.4334    0.2219    0.1172   -0.2624   -0.2183           0.0036    0.0828    0.0582    0.2522   -0.0164   -0.0476
 2115.0   -0.2392    0.4487    0.2207    0.1124   -0.2624   -0.2233           0.0036    0.0854    0.0572    0.2520   -0.0147   -0.0470
 2120.0   -0.2374    0.4643    0.2195    0.1076   -0.2625   -0.2284           0.0036    0.0881    0.0562    0.2515   -0.0130   -0.0464
 2125.0   -0.2356    0.4803    0.2182    0.1029   -0.2627   -0.2335           0.0037    0.0909    0.0552    0.2507   -0.0113   -0.0457
 2130.0   -0.2338    0.4966    0.2170    0.0984   -0.2629   -0.2386           0.0037    0.0937    0.0542    0.2498   -0.0096   -0.0450
 2135.0   -0.2320    0.5133    0.2158    0.0939   -0.2632   -0.2437           0.0037    0.0966    0.0531    0.2486   -0.0079   -0.0443
 2140.0   -0.2302    0.5303    0.2145    0.0896   -0.2636   -0.2488           0.0037    0.0996    0.0520    0.2473   -0.0063   -0.0435
 2145.0   -0.2284    0.5475    0.2133    0.0854   -0.2640   -0.2540           0.0038    0.1026    0.0509    0.2457   -0.0046   -0.0427
 2150.0   -0.2266    0.5652    0.2121    0.0814   -0.2645   -0.2591           0.0038    0.1057    0.0498    0.2440   -0.0030   -0.0418
 2155.0   -0.2248    0.5833    0.2109    0.0775   -0.2651   -0.2642           0.0038    0.1089    0.0486    0.2421   -0.0015   -0.0410
 2160.0   -0.2230    0.6015    0.2097    0.0737   -0.2657   -0.2692           0.0038    0.1122    0.0475    0.2401    0.0001   -0.0401
 2165.0   -0.2212    0.6202    0.2085    0.0701   -0.2664   -0.2743           0.0039    0.1155    0.0463    0.2379    0.0016   -0.0392
 2170.0   -0.2194    0.6392    0.2074    0.0667   -0.2672   -0.2793           0.0039    0.1189    0.0452    0.2357    0.0031   -0.0383
 2175.0   -0.2176    0.6584    0.2062    0.0634   -0.2679   -0.2842           0.0039    0.1224    0.0440    0.2333    0.0045   -0.0374
 2180.0   -0.2158    0.6781    0.2051    0.0603   -0.2688   -0.2891           0.0039    0.1260    0.0429    0.2308    0.0059   -0.0364
 2185.0   -0.2140    0.6980    0.2040    0.0574   -0.2696   -0.2940           0.0040    0.1297    0.0417    0.2282    0.0073   -0.0355
 2190.0   -0.2122    0.7182    0.2029    0.0546   -0.2705   -0.2988           0.0040    0.1334    0.0406    0.2255    0.0086   -0.0345
 2195.0   -0.2104    0.7389    0.2018    0.0520   -0.2715   -0.3035           0.0040    0.1372    0.0395    0.2228    0.0099   -0.0336
 2200.0   -0.2086    0.7597    0.2007    0.0495   -0.2724   -0.3082           0.0040    0.1412    0.0384    0.2200    0.0111   -0.0326
 2205.0   -0.2068    0.7809    0.1997    0.0472   -0.2734   -0.3129           0.0040    0.1452    0.0373    0.2172    0.0123   -0.0316
 2210.0   -0.2050    0.8024    0.1987    0.0450   -0.2744   -0.3174           0.0041    0.1493    0.0362    0.2143    0.0135   -0.0307
 2215.0   -0.2031    0.8243    0.1977    0.0430   -0.2755   -0.3220           0.0041    0.1535    0.0352    0.2114    0.0146   -0.0297
 2220.0   -0.2013    0.8464    0.1967    0.0412   -0.2765   -0.3264           0.0041    0.1577    0.0341    0.2085    0.0156   -0.0288
 2225.0   -0.1995    0.8688    0.1957    0.0395   -0.2776   -0.3308           0.0041    0.1621    0.0331    0.2055    0.0167   -0.0278
 2230.0   -0.1977    0.8915    0.1948    0.0379   -0.2787   -0.3351           0.0041    0.1666    0.0321    0.2026    0.0177   -0.0269
 2235.0   -0.1959    0.9146    0.1939    0.0364   -0.2798   -0.3394           0.0042    0.1712    0.0311    0.1996    0.0186   -0.0259
 2240.0   -0.1940    0.9379    0.1930    0.0351   -0.2809   -0.3436           0.0042    0.1758    0.0302    0.1967    0.0196   -0.0250
 2245.0   -0.1922    0.9615    0.1921    0.0339   -0.2820   -0.3478           0.0042    0.1806    0.0293    0.1937    0.0204   -0.0241
 2250.0   -0.1904    0.9853    0.1912    0.0329   -0.2832   -0.3519           0.0042    0.1855    0.0283    0.1908    0.0213   -0.0232
 2255.0   -0.1886    1.0095    0.1904    0.0319   -0.2843   -0.3559           0.0042    0.1905    0.0275    0.1879    0.0221   -0.0223
 2260.0   -0.1868    1.0338    0.1895    0.0311   -0.2854   -0.3599           0.0043    0.1955    0.0266    0.1850    0.0229   -0.0214
 2265.0   -0.1850    1.0586    0.1887    0.0304   -0.2866   -0.3638           0.0043    0.2007    0.0257    0.1821    0.0236   -0.0205
 2270.0   -0.1831    1.0835    0.1879    0.0297   -0.2877   -0.3677           0.0043    0.2060    0.0249    0.1792    0.0244   -0.0197
 2275.0   -0.1813    1.1087    0.1871    0.0292   -0.2889   -0.3716           0.0043    0.2115    0.0241    0.1764    0.0250   -0.0188
 2280.0   -0.1795    1.1343    0.1864    0.0288   -0.2900   -0.3753           0.0043    0.2170    0.0233    0.1736    0.0257   -0.0179
 2285.0   -0.1777    1.1599    0.1856    0.0284   -0.2912   -0.3791           0.0043    0.2226    0.0226    0.1708    0.0263   -0.0171
 2290.0   -0.1759    1.1859    0.1849    0.0282   -0.2923   -0.3827           0.0043    0.2284    0.0218    0.1681    0.0269   -0.0163
 2295.0   -0.1740    1.2121    0.1841    0.0280   -0.2934   -0.3864           0.0044    0.2343    0.0211    0.1654    0.0275   -0.0155
 2300.0   -0.1722    1.2386    0.1834    0.0279   -0.2946   -0.3900           0.0044    0.2403    0.0204    0.1627    0.0281   -0.0147
 2305.0   -0.1704    1.2652    0.1827    0.0278   -0.2957   -0.3935           0.0044    0.2464    0.0197    0.1601    0.0286   -0.0139
 2310.0   -0.1686    1.2920    0.1821    0.0279   -0.2968   -0.3970           0.0044    0.2527    0.0191    0.1575    0.0291   -0.0131
 2315.0   -0.1668    1.3191    0.1814    0.0280   -0.2979   -0.4005           0.0044    0.2590    0.0184    0.1550    0.0296   -0.0123
 2320.0   -0.1650    1.3465    0.1807    0.0282   -0.2990   -0.4039           0.0044    0.2655    0.0178    0.1525    0.0300   -0.0116
 2325.0   -0.1631    1.3740    0.1801    0.0284   -0.3001   -0.4073           0.0044    0.2722    0.0172    0.1500    0.0305   -0.0108
 2330.0   -0.1613    1.4016    0.1795    0.0287   -0.3012   -0.4107           0.0044    0.2789    0.0166    0.1476    0.0309   -0.0101
 2335.0   -0.1595    1.4296    0.1788    0.0290   -0.3023   -0.4140           0.0045    0.2858    0.0160    0.1452    0.0313   -0.0093
 2340.0   -0.1577    1.4576    0.1782    0.0294   -0.3034   -0.4173           0.0045    0.2929    0.0154    0.1428    0.0317   -0.0086
 2345.0   -0.1559    1.4858    0.1776    0.0298   -0.3044   -0.4205           0.0045    0.3001    0.0149    0.1405    0.0321   -0.0079
 2350.0   -0.1541    1.5143    0.1770    0.0303   -0.3055   -0.4238           0.0045    0.3074    0.0144    0.1383    0.0324   -0.0072
 2355.0   -0.1523    1.5429    0.1765    0.0308   -0.3065   -0.4270           0.0045    0.3148    0.0139    0.1360    0.0328   -0.0065
 2360.0   -0.1505    1.5716    0.1759    0.0314   -0.3076   -0.4301           0.0045    0.3224    0.0134    0.1339    0.0331   -0.0058
 2365.0   -0.1487    1.6005    0.1753    0.0320   -0.3086   -0.4333           0.0045    0.3302    0.0129    0.1317    0.0334   -0.0051
 2370.0   -0.1469    1.6295    0.1748    0.0327   -0.3096   -0.4364           0.0045    0.3381    0.0124    0.1296    0.0337   -0.0045
 2375.0   -0.1451    1.6587    0.1742    0.0333   -0.3106   -0.4395           0.0045    0.3461    0.0120    0.1275    0.0340   -0.0038
 2380.0   -0.1433    1.6880    0.1737    0.0340   -0.3116   -0.4426           0.0045    0.3543    0.0115    0.1255    0.0343   -0.0031
 2385.0   -0.1415    1.7173    0.1731    0.0348   -0.3126   -0.4457           0.0045    0.3627    0.0111    0.1235    0.0346   -0.0025
 2390.0   -0.1397    1.7469    0.1726    0.0355   -0.3136   -0.4487           0.0045    0.3712    0.0107    0.1216    0.0349   -0.0018
 2395.0   -0.1379    1.7765    0.1721    0.0363   -0.3146   -0.4517           0.0045    0.3798    0.0103    0.1196    0.0351   -0.0012
 2400.0   -0.1361    1.8062    0.1716    0.0371   -0.3155   -0.4547           0.0045    0.3887    0.0099    0.1178    0.0354   -0.0006
 2405.0   -0.1344    1.8360    0.1711    0.0379   -0.3165   -0.4577           0.0045    0.3976    0.0095    0.1159    0.0356    0.0001
 2410.0   -0.1326    1.8659    0.1706    0.0388   -0.3174   -0.4606           0.0045    0.4068    0.0091    0.1141    0.0358    0.0007
 2415.0   -0.1308    1.8959    0.1701    0.0397   -0.3183   -0.4636           0.0045    0.4161    0.0087    0.1123    0.0360    0.0013
 2420.0   -0.1290    1.9259    0.1696    0.0406   -0.3193   -0.4665           0.0045    0.4256    0.0084    0.1106    0.0362    0.0019
 2425.0   -0.1272    1.9561    0.1691    0.0415   -0.3202   -0.4694           0.0045    0.4353    0.0080    0.1089    0.0365    0.0025
 2430.0   -0.1255    1.9861    0.1686    0.0424   -0.3211   -0.4723           0.0045    0.4451    0.0077    0.1072    0.0367    0.0031
 2435.0   -0.1237    2.0164    0.1682    0.0433   -0.3220   -0.4752           0.0045    0.4551    0.0073    0.1055    0.0369    0.0038
 2440.0   -0.1219    2.0465    0.1677    0.0443   -0.3229   -0.4781           0.0045    0.4653    0.0070    0.1039    0.0370    0.0044
 2445.0   -0.1202    2.0767    0.1672    0.0453   -0.3238   -0.4810           0.0045    0.4756    0.0067    0.1023    0.0372    0.0050
 2450.0   -0.1184    2.1070    0.1668    0.0462   -0.3246   -0.4838           0.0045    0.4862    0.0064    0.1008    0.0374    0.0055
 2455.0   -0.1166    2.1373    0.1663    0.0472   -0.3255   -0.4867           0.0045    0.4969    0.0061    0.0992    0.0376    0.0061
 2460.0   -0.1149    2.1675    0.1659    0.0482   -0.3264   -0.4895           0.0045    0.5078    0.0058    0.0977    0.0378    0.0067
 2465.0   -0.1131    2.1977    0.1654    0.0492   -0.3272   -0.4923           0.0044    0.5189    0.0055    0.0962    0.0379    0.0073
 2470.0   -0.1114    2.2280    0.1650    0.0503   -0.3280   -0.4952           0.0044    0.5302    0.0053    0.0948    0.0381    0.0079
 2475.0   -0.1096    2.2583    0.1645    0.0513   -0.3289   -0.4980           0.0044    0.5417    0.0050    0.0934    0.0383    0.0085
 2480.0   -0.1079    2.2883    0.1641    0.0523   -0.3297   -0.5008           0.0044    0.5533    0.0047    0.0920    0.0384    0.0091
 2485.0   -0.1062    2.3184    0.1637    0.0534   -0.3305   -0.5035           0.0044    0.5652    0.0045    0.0906    0.0386    0.0097
 2490.0   -0.1044    2.3485    0.1632    0.0544   -0.3313   -0.5063           0.0044    0.5773    0.0042    0.0892    0.0388    0.0103
 2495.0   -0.1027    2.3785    0.1628    0.0555   -0.3321   -0.5091           0.0044    0.5895    0.0040    0.0879    0.0389    0.0108
 2500.0   -0.1010    2.4085    0.1624    0.0565   -0.3329   -0.5119           0.0043    0.6020    0.0037    0.0866    0.0391    0.0114
