!  MA19 2000 MEV P(200) CHI/DP=51634/25553                SM05   10/ 7/19
!                    PI0P Waves for L= 3   10/ 7/19
!  WCM     F37  pE   F37  pM   F17  pE   F17  pM   F17  nE   F17  nM
 1080.0   -0.0089   -0.0000    0.0064   -0.0025   -0.0064    0.0023          -0.0000   -0.0000   -0.0000    0.0000    0.0000   -0.0000
 1085.0   -0.0198   -0.0001    0.0139   -0.0055   -0.0139    0.0051          -0.0000   -0.0000   -0.0000    0.0000    0.0000   -0.0000
 1090.0   -0.0321   -0.0001    0.0223   -0.0090   -0.0222    0.0084          -0.0000   -0.0000   -0.0000    0.0000    0.0000   -0.0000
 1095.0   -0.0450   -0.0001    0.0310   -0.0127   -0.0310    0.0120          -0.0000   -0.0000   -0.0000    0.0000    0.0000   -0.0000
 1100.0   -0.0582    0.0001    0.0399   -0.0167   -0.0398    0.0158          -0.0000    0.0000   -0.0000    0.0000    0.0000   -0.0000
 1105.0   -0.0713    0.0004    0.0486   -0.0209   -0.0486    0.0198          -0.0000    0.0000   -0.0000    0.0000    0.0000   -0.0000
 1110.0   -0.0841    0.0009    0.0573   -0.0251   -0.0572    0.0239          -0.0000    0.0000   -0.0000    0.0000    0.0000   -0.0000
 1115.0   -0.0966    0.0016    0.0656   -0.0294   -0.0656    0.0281          -0.0000    0.0000   -0.0000    0.0000    0.0000   -0.0000
 1120.0   -0.1085    0.0024    0.0737   -0.0337   -0.0736    0.0322          -0.0000    0.0000   -0.0000    0.0000    0.0000   -0.0000
 1125.0   -0.1200    0.0035    0.0814   -0.0381   -0.0813    0.0364          -0.0000    0.0000   -0.0000    0.0000    0.0000   -0.0000
 1130.0   -0.1310    0.0047    0.0888   -0.0424   -0.0887    0.0406          -0.0000    0.0000   -0.0000    0.0000    0.0000   -0.0000
 1135.0   -0.1415    0.0062    0.0958   -0.0466   -0.0957    0.0447          -0.0000    0.0000   -0.0000    0.0000    0.0000   -0.0000
 1140.0   -0.1514    0.0080    0.1024   -0.0508   -0.1024    0.0488          -0.0000    0.0000   -0.0000    0.0000    0.0000   -0.0000
 1145.0   -0.1609    0.0100    0.1088   -0.0550   -0.1087    0.0529          -0.0000    0.0000   -0.0000    0.0000    0.0000   -0.0000
 1150.0   -0.1698    0.0122    0.1148   -0.0591   -0.1147    0.0568          -0.0001    0.0000   -0.0000    0.0000    0.0000   -0.0000
 1155.0   -0.1780    0.0147    0.1204   -0.0632   -0.1203    0.0608          -0.0001    0.0000   -0.0000    0.0000    0.0000   -0.0000
 1160.0   -0.1859    0.0175    0.1257   -0.0671   -0.1256    0.0646          -0.0001    0.0000   -0.0000    0.0000    0.0000   -0.0000
 1165.0   -0.1934    0.0205    0.1308   -0.0710   -0.1307    0.0684          -0.0001    0.0000   -0.0000    0.0000    0.0000   -0.0000
 1170.0   -0.2004    0.0239    0.1355   -0.0749   -0.1354    0.0721          -0.0001    0.0000   -0.0000    0.0000    0.0000   -0.0000
 1175.0   -0.2070    0.0275    0.1400   -0.0786   -0.1399    0.0758          -0.0002    0.0000   -0.0000    0.0000    0.0000   -0.0000
 1180.0   -0.2132    0.0313    0.1442   -0.0823   -0.1441    0.0793          -0.0002    0.0000   -0.0000    0.0000    0.0000   -0.0000
 1185.0   -0.2190    0.0355    0.1481   -0.0858   -0.1480    0.0828          -0.0002    0.0000   -0.0000    0.0000    0.0000   -0.0000
 1190.0   -0.2245    0.0399    0.1518   -0.0893   -0.1517    0.0862          -0.0003    0.0000   -0.0000    0.0000    0.0000   -0.0000
 1195.0   -0.2296    0.0445    0.1553   -0.0927   -0.1552    0.0895          -0.0003    0.0001   -0.0000    0.0000    0.0000   -0.0000
 1200.0   -0.2344    0.0495    0.1586   -0.0961   -0.1584    0.0927          -0.0003    0.0001   -0.0000    0.0000    0.0000   -0.0000
 1205.0   -0.2389    0.0547    0.1616   -0.0993   -0.1615    0.0959          -0.0004    0.0001   -0.0000    0.0000    0.0000   -0.0000
 1210.0   -0.2431    0.0602    0.1645   -0.1025   -0.1643    0.0989          -0.0005    0.0001   -0.0000    0.0000    0.0000   -0.0000
 1215.0   -0.2470    0.0659    0.1672   -0.1056   -0.1670    0.1019          -0.0005    0.0001   -0.0000    0.0000    0.0000   -0.0000
 1220.0   -0.2508    0.0719    0.1697   -0.1086   -0.1695    0.1049          -0.0006    0.0002   -0.0000    0.0000    0.0000   -0.0000
 1225.0   -0.2542    0.0782    0.1720   -0.1115   -0.1718    0.1077          -0.0006    0.0002   -0.0000    0.0000    0.0000   -0.0000
 1230.0   -0.2574    0.0846    0.1742   -0.1144   -0.1740    0.1105          -0.0007    0.0001   -0.0000    0.0000    0.0000   -0.0000
 1235.0   -0.2603    0.0913    0.1763   -0.1171   -0.1760    0.1131          -0.0008    0.0000   -0.0000    0.0000    0.0000   -0.0000
 1240.0   -0.2631    0.0983    0.1782   -0.1198   -0.1779    0.1158          -0.0009   -0.0000   -0.0000    0.0000    0.0000   -0.0000
 1245.0   -0.2656    0.1054    0.1799   -0.1225   -0.1797    0.1183          -0.0010   -0.0001   -0.0000    0.0000    0.0000   -0.0000
 1250.0   -0.2682    0.1129    0.1816   -0.1250   -0.1813    0.1208          -0.0010   -0.0003   -0.0000    0.0000    0.0000   -0.0000
 1255.0   -0.2703    0.1204    0.1831   -0.1275   -0.1828    0.1231          -0.0011   -0.0004   -0.0001    0.0000    0.0001   -0.0000
 1260.0   -0.2723    0.1282    0.1845   -0.1299   -0.1843    0.1255          -0.0012   -0.0005   -0.0001    0.0000    0.0001   -0.0000
 1265.0   -0.2741    0.1361    0.1858   -0.1322   -0.1856    0.1277          -0.0013   -0.0006   -0.0001    0.0000    0.0001   -0.0000
 1270.0   -0.2760    0.1443    0.1870   -0.1345   -0.1868    0.1299          -0.0014   -0.0008   -0.0001    0.0000    0.0001   -0.0000
 1275.0   -0.2775    0.1526    0.1882   -0.1367   -0.1879    0.1321          -0.0015   -0.0010   -0.0001    0.0001    0.0001   -0.0000
 1280.0   -0.2789    0.1611    0.1892   -0.1388   -0.1889    0.1341          -0.0016   -0.0011   -0.0001    0.0001    0.0001   -0.0000
 1285.0   -0.2801    0.1697    0.1901   -0.1409   -0.1898    0.1361          -0.0016   -0.0013   -0.0001    0.0001    0.0001   -0.0001
 1290.0   -0.2815    0.1786    0.1910   -0.1429   -0.1907    0.1380          -0.0017   -0.0015   -0.0001    0.0001    0.0001   -0.0001
 1295.0   -0.2824    0.1874    0.1918   -0.1448   -0.1914    0.1399          -0.0018   -0.0017   -0.0001    0.0001    0.0001   -0.0001
 1300.0   -0.2836    0.1966    0.1925   -0.1467   -0.1921    0.1417          -0.0019   -0.0019   -0.0001    0.0001    0.0001   -0.0001
 1305.0   -0.2843    0.2057    0.1931   -0.1485   -0.1928    0.1435          -0.0020   -0.0021   -0.0001    0.0001    0.0001   -0.0001
 1310.0   -0.2850    0.2149    0.1937   -0.1503   -0.1933    0.1452          -0.0021   -0.0023   -0.0001    0.0001    0.0001   -0.0001
 1315.0   -0.2858    0.2244    0.1943   -0.1520   -0.1939    0.1468          -0.0022   -0.0025   -0.0001    0.0001    0.0001   -0.0001
 1320.0   -0.2862    0.2338    0.1947   -0.1537   -0.1943    0.1484          -0.0022   -0.0027   -0.0001    0.0001    0.0001   -0.0001
 1325.0   -0.2868    0.2435    0.1951   -0.1552   -0.1947    0.1499          -0.0023   -0.0029   -0.0001    0.0001    0.0001   -0.0001
 1330.0   -0.2871    0.2531    0.1955   -0.1568   -0.1950    0.1514          -0.0024   -0.0031   -0.0001    0.0001    0.0001   -0.0001
 1335.0   -0.2875    0.2629    0.1958   -0.1583   -0.1953    0.1528          -0.0025   -0.0033   -0.0001    0.0001    0.0001   -0.0001
 1340.0   -0.2876    0.2726    0.1960   -0.1597   -0.1956    0.1541          -0.0025   -0.0035   -0.0001    0.0001    0.0001   -0.0001
 1345.0   -0.2878    0.2826    0.1963   -0.1610   -0.1958    0.1554          -0.0026   -0.0036   -0.0001    0.0001    0.0001   -0.0001
 1350.0   -0.2878    0.2923    0.1964   -0.1624   -0.1959    0.1567          -0.0027   -0.0038   -0.0001    0.0001    0.0001   -0.0001
 1355.0   -0.2879    0.3024    0.1966   -0.1636   -0.1961    0.1579          -0.0027   -0.0039   -0.0001    0.0001    0.0001   -0.0001
 1360.0   -0.2879    0.3126    0.1967   -0.1649   -0.1961    0.1590          -0.0028   -0.0041   -0.0001    0.0001    0.0001   -0.0001
 1365.0   -0.2876    0.3224    0.1967   -0.1660   -0.1962    0.1601          -0.0029   -0.0042   -0.0001    0.0001    0.0001   -0.0001
 1370.0   -0.2875    0.3326    0.1968   -0.1672   -0.1962    0.1612          -0.0029   -0.0043   -0.0001    0.0001    0.0001   -0.0001
 1375.0   -0.2874    0.3428    0.1967   -0.1682   -0.1962    0.1622          -0.0029   -0.0043   -0.0001    0.0001    0.0001   -0.0001
 1380.0   -0.2871    0.3531    0.1967   -0.1693   -0.1961    0.1632          -0.0030   -0.0043   -0.0001    0.0001    0.0001   -0.0001
 1385.0   -0.2866    0.3629    0.1966   -0.1702   -0.1961    0.1641          -0.0030   -0.0043   -0.0001    0.0001    0.0001   -0.0001
 1390.0   -0.2862    0.3732    0.1965   -0.1712   -0.1959    0.1649          -0.0030   -0.0042   -0.0001    0.0001    0.0001   -0.0001
 1395.0   -0.2858    0.3835    0.1964   -0.1721   -0.1958    0.1658          -0.0031   -0.0041   -0.0001    0.0002    0.0001   -0.0001
 1400.0   -0.2854    0.3937    0.1963   -0.1729   -0.1957    0.1665          -0.0031   -0.0040   -0.0001    0.0002    0.0001   -0.0001
 1405.0   -0.2848    0.4040    0.1961   -0.1737   -0.1955    0.1673          -0.0031   -0.0038   -0.0001    0.0002    0.0001   -0.0001
 1410.0   -0.2843    0.4143    0.1959   -0.1745   -0.1953    0.1680          -0.0031   -0.0035   -0.0001    0.0002    0.0001   -0.0001
 1415.0   -0.2837    0.4245    0.1957   -0.1752   -0.1951    0.1686          -0.0031   -0.0032   -0.0001    0.0002    0.0001   -0.0000
 1420.0   -0.2830    0.4348    0.1955   -0.1759   -0.1948    0.1693          -0.0031   -0.0028   -0.0000    0.0002    0.0000   -0.0000
 1425.0   -0.2823    0.4451    0.1952   -0.1766   -0.1945    0.1698          -0.0031   -0.0023   -0.0000    0.0002    0.0000   -0.0000
 1430.0   -0.2815    0.4553    0.1950   -0.1772   -0.1943    0.1703          -0.0030   -0.0018   -0.0000    0.0002    0.0000   -0.0000
 1435.0   -0.2807    0.4656    0.1947   -0.1777   -0.1940    0.1708          -0.0030   -0.0011   -0.0000    0.0002    0.0000   -0.0000
 1440.0   -0.2799    0.4758    0.1944   -0.1783   -0.1937    0.1713          -0.0030   -0.0004   -0.0000    0.0002    0.0000   -0.0000
 1445.0   -0.2790    0.4860    0.1941   -0.1788   -0.1933    0.1717          -0.0029    0.0004   -0.0000    0.0002    0.0000   -0.0000
 1450.0   -0.2783    0.4968    0.1938   -0.1792   -0.1930    0.1721          -0.0029    0.0013    0.0000    0.0002   -0.0000    0.0000
 1455.0   -0.2774    0.5071    0.1934   -0.1796   -0.1926    0.1724          -0.0028    0.0024    0.0000    0.0002   -0.0000    0.0000
 1460.0   -0.2764    0.5173    0.1931   -0.1800   -0.1923    0.1727          -0.0028    0.0035    0.0000    0.0002   -0.0000    0.0000
 1465.0   -0.2756    0.5281    0.1927   -0.1804   -0.1919    0.1730          -0.0027    0.0048    0.0000    0.0002   -0.0000    0.0000
 1470.0   -0.2745    0.5383    0.1923   -0.1807   -0.1915    0.1732          -0.0027    0.0062    0.0001    0.0003   -0.0001    0.0001
 1475.0   -0.2737    0.5492    0.1920   -0.1810   -0.1911    0.1734          -0.0026    0.0077    0.0001    0.0003   -0.0001    0.0001
 1480.0   -0.2725    0.5595    0.1915   -0.1812   -0.1906    0.1735          -0.0025    0.0094    0.0001    0.0003   -0.0001    0.0001
 1485.0   -0.2716    0.5704    0.1911   -0.1814   -0.1902    0.1736          -0.0024    0.0113    0.0001    0.0003   -0.0001    0.0001
 1490.0   -0.2704    0.5807    0.1908   -0.1817   -0.1899    0.1738          -0.0023    0.0133    0.0001    0.0003   -0.0001    0.0001
 1495.0   -0.2694    0.5917    0.1903   -0.1818   -0.1894    0.1738          -0.0022    0.0154    0.0001    0.0003   -0.0001    0.0001
 1500.0   -0.2684    0.6027    0.1899   -0.1819   -0.1889    0.1738          -0.0021    0.0178    0.0002    0.0003   -0.0002    0.0001
 1505.0   -0.2670    0.6132    0.1894   -0.1820   -0.1884    0.1738          -0.0020    0.0203    0.0002    0.0003   -0.0002    0.0002
 1510.0   -0.2660    0.6243    0.1889   -0.1820   -0.1879    0.1737          -0.0019    0.0231    0.0002    0.0003   -0.0002    0.0002
 1515.0   -0.2648    0.6355    0.1886   -0.1822   -0.1876    0.1737          -0.0018    0.0260    0.0002    0.0004   -0.0002    0.0002
 1520.0   -0.2637    0.6468    0.1881   -0.1822   -0.1871    0.1736          -0.0016    0.0292    0.0003    0.0004   -0.0003    0.0002
 1525.0   -0.2625    0.6582    0.1876   -0.1821   -0.1866    0.1734          -0.0015    0.0325    0.0003    0.0004   -0.0003    0.0003
 1530.0   -0.2613    0.6696    0.1871   -0.1820   -0.1861    0.1732          -0.0013    0.0362    0.0003    0.0004   -0.0003    0.0003
 1535.0   -0.2601    0.6812    0.1868   -0.1821   -0.1857    0.1731          -0.0012    0.0401    0.0003    0.0004   -0.0003    0.0003
 1540.0   -0.2588    0.6929    0.1862   -0.1819   -0.1852    0.1728          -0.0010    0.0442    0.0004    0.0004   -0.0004    0.0003
 1545.0   -0.2575    0.7046    0.1857   -0.1818   -0.1846    0.1725          -0.0009    0.0486    0.0004    0.0004   -0.0004    0.0004
 1550.0   -0.2562    0.7165    0.1852   -0.1816   -0.1841    0.1722          -0.0007    0.0534    0.0004    0.0005   -0.0004    0.0004
 1555.0   -0.2551    0.7293    0.1847   -0.1813   -0.1835    0.1719          -0.0005    0.0584    0.0005    0.0005   -0.0005    0.0004
 1560.0   -0.2537    0.7415    0.1843   -0.1813   -0.1832    0.1716          -0.0003    0.0637    0.0005    0.0005   -0.0005    0.0005
 1565.0   -0.2523    0.7538    0.1838   -0.1810   -0.1826    0.1712          -0.0002    0.0694    0.0005    0.0005   -0.0005    0.0005
 1570.0   -0.2511    0.7670    0.1832   -0.1807   -0.1821    0.1708           0.0001    0.0754    0.0006    0.0005   -0.0006    0.0005
 1575.0   -0.2497    0.7797    0.1827   -0.1804   -0.1815    0.1703           0.0002    0.0819    0.0006    0.0006   -0.0006    0.0006
 1580.0   -0.2484    0.7933    0.1823   -0.1802   -0.1811    0.1699           0.0005    0.0887    0.0007    0.0006   -0.0006    0.0006
 1585.0   -0.2469    0.8064    0.1818   -0.1798   -0.1805    0.1694           0.0007    0.0958    0.0007    0.0006   -0.0007    0.0006
 1590.0   -0.2456    0.8204    0.1812   -0.1795   -0.1800    0.1689           0.0009    0.1035    0.0007    0.0006   -0.0007    0.0007
 1595.0   -0.2444    0.8345    0.1807   -0.1791   -0.1794    0.1683           0.0012    0.1115    0.0008    0.0006   -0.0008    0.0007
 1600.0   -0.2428    0.8483    0.1801   -0.1786   -0.1788    0.1677           0.0014    0.1201    0.0008    0.0007   -0.0008    0.0008
 1605.0   -0.2415    0.8630    0.1797   -0.1783   -0.1784    0.1672           0.0017    0.1291    0.0009    0.0007   -0.0009    0.0008
 1610.0   -0.2401    0.8779    0.1792   -0.1779   -0.1779    0.1665           0.0020    0.1387    0.0009    0.0007   -0.0009    0.0009
 1615.0   -0.2388    0.8930    0.1786   -0.1774   -0.1773    0.1658           0.0023    0.1487    0.0010    0.0007   -0.0010    0.0009
 1620.0   -0.2374    0.9085    0.1781   -0.1769   -0.1767    0.1651           0.0026    0.1594    0.0010    0.0008   -0.0010    0.0010
 1625.0   -0.2359    0.9242    0.1777   -0.1765   -0.1763    0.1646           0.0029    0.1707    0.0011    0.0008   -0.0011    0.0010
 1630.0   -0.2346    0.9403    0.1771   -0.1760   -0.1757    0.1638           0.0032    0.1827    0.0011    0.0008   -0.0011    0.0011
 1635.0   -0.2332    0.9566    0.1766   -0.1754   -0.1752    0.1630           0.0035    0.1953    0.0012    0.0009   -0.0012    0.0011
 1640.0   -0.2317    0.9732    0.1760   -0.1748   -0.1746    0.1622           0.0039    0.2085    0.0013    0.0009   -0.0013    0.0012
 1645.0   -0.2302    0.9902    0.1755   -0.1742   -0.1740    0.1614           0.0042    0.2226    0.0013    0.0009   -0.0013    0.0012
 1650.0   -0.2288    1.0074    0.1751   -0.1738   -0.1736    0.1607           0.0046    0.2374    0.0014    0.0010   -0.0014    0.0013
 1655.0   -0.2273    1.0251    0.1745   -0.1731   -0.1730    0.1598           0.0050    0.2531    0.0015    0.0010   -0.0014    0.0013
 1660.0   -0.2259    1.0430    0.1740   -0.1725   -0.1725    0.1589           0.0054    0.2697    0.0015    0.0010   -0.0015    0.0014
 1665.0   -0.2245    1.0613    0.1734   -0.1718   -0.1719    0.1580           0.0059    0.2872    0.0016    0.0011   -0.0016    0.0014
 1670.0   -0.2231    1.0797    0.1729   -0.1711   -0.1713    0.1570           0.0063    0.3056    0.0017    0.0011   -0.0016    0.0015
 1675.0   -0.2217    1.0986    0.1723   -0.1704   -0.1708    0.1561           0.0068    0.3251    0.0017    0.0011   -0.0017    0.0016
 1680.0   -0.2203    1.1179    0.1719   -0.1699   -0.1704    0.1552           0.0073    0.3456    0.0018    0.0012   -0.0018    0.0016
 1685.0   -0.2189    1.1374    0.1714   -0.1692   -0.1698    0.1542           0.0078    0.3674    0.0019    0.0012   -0.0019    0.0017
 1690.0   -0.2176    1.1569    0.1708   -0.1684   -0.1692    0.1532           0.0083    0.3904    0.0020    0.0013   -0.0019    0.0018
 1695.0   -0.2161    1.1767    0.1703   -0.1677   -0.1687    0.1521           0.0089    0.4146    0.0020    0.0013   -0.0020    0.0018
 1700.0   -0.2149    1.1967    0.1697   -0.1669   -0.1681    0.1511           0.0094    0.4402    0.0021    0.0014   -0.0021    0.0019
 1705.0   -0.2134    1.2167    0.1692   -0.1661   -0.1675    0.1500           0.0100    0.4672    0.0022    0.0014   -0.0022    0.0020
 1710.0   -0.2121    1.2369    0.1686   -0.1653   -0.1670    0.1489           0.0106    0.4958    0.0023    0.0015   -0.0023    0.0020
 1715.0   -0.2109    1.2569    0.1681   -0.1645   -0.1664    0.1477           0.0113    0.5259    0.0024    0.0015   -0.0024    0.0021
 1720.0   -0.2097    1.2770    0.1676   -0.1637   -0.1659    0.1466           0.0120    0.5578    0.0025    0.0016   -0.0024    0.0022
 1725.0   -0.2084    1.2972    0.1670   -0.1629   -0.1653    0.1454           0.0127    0.5915    0.0026    0.0016   -0.0025    0.0022
 1730.0   -0.2072    1.3169    0.1665   -0.1620   -0.1648    0.1442           0.0134    0.6270    0.0026    0.0017   -0.0026    0.0023
 1735.0   -0.2060    1.3360    0.1661   -0.1614   -0.1644    0.1432           0.0141    0.6645    0.0027    0.0017   -0.0027    0.0024
 1740.0   -0.2048    1.3546    0.1656   -0.1605   -0.1638    0.1420           0.0149    0.7040    0.0028    0.0018   -0.0028    0.0024
 1745.0   -0.2037    1.3730    0.1651   -0.1596   -0.1633    0.1407           0.0157    0.7457    0.0029    0.0018   -0.0029    0.0025
 1750.0   -0.2027    1.3901    0.1644   -0.1586   -0.1626    0.1393           0.0165    0.7896    0.0030    0.0019   -0.0030    0.0026
 1755.0   -0.2017    1.4063    0.1639   -0.1577   -0.1621    0.1380           0.0173    0.8359    0.0031    0.0020   -0.0031    0.0026
 1760.0   -0.2008    1.4215    0.1634   -0.1568   -0.1615    0.1368           0.0182    0.8845    0.0032    0.0020   -0.0032    0.0027
 1765.0   -0.1999    1.4350    0.1628   -0.1559   -0.1610    0.1354           0.0190    0.9356    0.0033    0.0021   -0.0033    0.0028
 1770.0   -0.1990    1.4474    0.1623   -0.1550   -0.1605    0.1341           0.0199    0.9892    0.0034    0.0022   -0.0034    0.0028
 1775.0   -0.1984    1.4569    0.1618   -0.1541   -0.1599    0.1328           0.0208    1.0453    0.0035    0.0023   -0.0035    0.0029
 1780.0   -0.1978    1.4644    0.1613   -0.1532   -0.1594    0.1314           0.0216    1.1037    0.0036    0.0023   -0.0036    0.0030
 1785.0   -0.1972    1.4695    0.1608   -0.1523   -0.1589    0.1300           0.0225    1.1654    0.0037    0.0024   -0.0037    0.0030
 1790.0   -0.1968    1.4721    0.1603   -0.1514   -0.1584    0.1287           0.0233    1.2286    0.0039    0.0025   -0.0038    0.0031
 1795.0   -0.1964    1.4704    0.1597   -0.1503   -0.1577    0.1271           0.0242    1.2941    0.0040    0.0026   -0.0039    0.0032
 1800.0   -0.1961    1.4653    0.1592   -0.1493   -0.1572    0.1257           0.0249    1.3629    0.0041    0.0027   -0.0040    0.0032
 1805.0   -0.1962    1.4558    0.1587   -0.1484   -0.1567    0.1243           0.0256    1.4322    0.0042    0.0028   -0.0041    0.0033
 1810.0   -0.1961    1.4418    0.1582   -0.1474   -0.1562    0.1228           0.0263    1.5041    0.0043    0.0028   -0.0042    0.0033
 1815.0   -0.1961    1.4225    0.1575   -0.1463   -0.1555    0.1212           0.0269    1.5772    0.0044    0.0029   -0.0044    0.0034
 1820.0   -0.1964    1.3978    0.1571   -0.1454   -0.1550    0.1198           0.0274    1.6507    0.0045    0.0030   -0.0045    0.0034
 1825.0   -0.1968    1.3672    0.1566   -0.1444   -0.1545    0.1183           0.0278    1.7245    0.0046    0.0031   -0.0046    0.0035
 1830.0   -0.1972    1.3310    0.1559   -0.1433   -0.1539    0.1166           0.0280    1.7975    0.0047    0.0032   -0.0047    0.0036
 1835.0   -0.1976    1.2882    0.1555   -0.1424   -0.1534    0.1151           0.0281    1.8704    0.0049    0.0033   -0.0048    0.0036
 1840.0   -0.1983    1.2385    0.1550   -0.1414   -0.1529    0.1136           0.0280    1.9410    0.0050    0.0034   -0.0049    0.0036
 1845.0   -0.1989    1.1827    0.1544   -0.1403   -0.1523    0.1119           0.0278    2.0092    0.0051    0.0036   -0.0050    0.0037
 1850.0   -0.1996    1.1202    0.1539   -0.1393   -0.1518    0.1104           0.0273    2.0737    0.0052    0.0037   -0.0051    0.0037
 1855.0   -0.2004    1.0519    0.1533   -0.1382   -0.1512    0.1087           0.0266    2.1330    0.0053    0.0038   -0.0052    0.0038
 1860.0   -0.2011    0.9769    0.1529   -0.1372   -0.1507    0.1071           0.0257    2.1879    0.0054    0.0039   -0.0054    0.0038
 1865.0   -0.2019    0.8972    0.1523   -0.1361   -0.1501    0.1054           0.0245    2.2360    0.0055    0.0040   -0.0055    0.0038
 1870.0   -0.2025    0.8127    0.1517   -0.1350   -0.1495    0.1037           0.0231    2.2769    0.0057    0.0041   -0.0056    0.0039
 1875.0   -0.2031    0.7247    0.1512   -0.1340   -0.1490    0.1021           0.0215    2.3103    0.0058    0.0043   -0.0057    0.0039
 1880.0   -0.2035    0.6343    0.1506   -0.1329   -0.1484    0.1004           0.0197    2.3358    0.0059    0.0044   -0.0058    0.0039
 1885.0   -0.2038    0.5418    0.1500   -0.1318   -0.1478    0.0986           0.0177    2.3532    0.0060    0.0045   -0.0059    0.0039
 1890.0   -0.2039    0.4493    0.1495   -0.1308   -0.1473    0.0969           0.0154    2.3607    0.0061    0.0047   -0.0060    0.0040
 1895.0   -0.2038    0.3566    0.1490   -0.1297   -0.1467    0.0952           0.0131    2.3610    0.0062    0.0048   -0.0061    0.0040
 1900.0   -0.2035    0.2660    0.1484   -0.1286   -0.1462    0.0934           0.0106    2.3523    0.0063    0.0049   -0.0062    0.0040
 1905.0   -0.2030    0.1782    0.1479   -0.1276   -0.1456    0.0917           0.0079    2.3354    0.0064    0.0051   -0.0063    0.0040
 1910.0   -0.2023    0.0936    0.1473   -0.1265   -0.1450    0.0899           0.0052    2.3118    0.0065    0.0052   -0.0064    0.0040
 1915.0   -0.2012    0.0138    0.1468   -0.1254   -0.1445    0.0881           0.0024    2.2800    0.0066    0.0054   -0.0065    0.0040
 1920.0   -0.2000   -0.0615    0.1463   -0.1243   -0.1439    0.0863          -0.0004    2.2436    0.0067    0.0055   -0.0066    0.0040
 1925.0   -0.1985   -0.1311    0.1457   -0.1232   -0.1434    0.0845          -0.0032    2.2013    0.0069    0.0057   -0.0067    0.0040
 1930.0   -0.1969   -0.1953    0.1451   -0.1222   -0.1428    0.0827          -0.0059    2.1556    0.0069    0.0058   -0.0068    0.0040
 1935.0   -0.1949   -0.2531    0.1446   -0.1211   -0.1422    0.0809          -0.0086    2.1054    0.0070    0.0060   -0.0069    0.0039
 1940.0   -0.1929   -0.3054    0.1440   -0.1200   -0.1417    0.0791          -0.0113    2.0521    0.0071    0.0061   -0.0070    0.0039
 1945.0   -0.1906   -0.3515    0.1435   -0.1189   -0.1411    0.0772          -0.0138    1.9979    0.0072    0.0063   -0.0071    0.0039
 1950.0   -0.1882   -0.3918    0.1429   -0.1178   -0.1405    0.0754          -0.0163    1.9418    0.0073    0.0065   -0.0072    0.0039
 1955.0   -0.1856   -0.4266    0.1424   -0.1168   -0.1400    0.0735          -0.0187    1.8855    0.0074    0.0066   -0.0073    0.0038
 1960.0   -0.1829   -0.4562    0.1418   -0.1157   -0.1394    0.0716          -0.0209    1.8287    0.0075    0.0068   -0.0074    0.0038
 1965.0   -0.1801   -0.4811    0.1413   -0.1146   -0.1388    0.0698          -0.0231    1.7720    0.0076    0.0070   -0.0075    0.0037
 1970.0   -0.1772   -0.5011    0.1407   -0.1135   -0.1383    0.0679          -0.0251    1.7161    0.0077    0.0071   -0.0075    0.0037
 1975.0   -0.1742   -0.5169    0.1402   -0.1125   -0.1377    0.0660          -0.0270    1.6611    0.0077    0.0073   -0.0076    0.0036
 1980.0   -0.1711   -0.5291    0.1396   -0.1114   -0.1371    0.0641          -0.0288    1.6072    0.0078    0.0075   -0.0077    0.0036
 1985.0   -0.1680   -0.5377    0.1391   -0.1103   -0.1366    0.0622          -0.0305    1.5550    0.0079    0.0077   -0.0078    0.0035
 1990.0   -0.1648   -0.5429    0.1385   -0.1092   -0.1360    0.0603          -0.0321    1.5040    0.0080    0.0078   -0.0078    0.0035
 1995.0   -0.1616   -0.5456    0.1379   -0.1082   -0.1354    0.0584          -0.0336    1.4547    0.0080    0.0080   -0.0079    0.0034
 2000.0   -0.1583   -0.5455    0.1374   -0.1071   -0.1349    0.0565          -0.0350    1.4071    0.0081    0.0082   -0.0079    0.0033
 2005.0   -0.1551   -0.5432    0.1368   -0.1061   -0.1343    0.0546          -0.0363    1.3609    0.0082    0.0084   -0.0080    0.0033
 2010.0   -0.1518   -0.5390    0.1363   -0.1050   -0.1337    0.0526          -0.0375    1.3165    0.0082    0.0086   -0.0081    0.0032
 2015.0   -0.1485   -0.5330    0.1357   -0.1040   -0.1332    0.0507          -0.0387    1.2737    0.0083    0.0088   -0.0081    0.0031
 2020.0   -0.1451   -0.5252    0.1352   -0.1029   -0.1326    0.0488          -0.0397    1.2325    0.0083    0.0089   -0.0082    0.0030
 2025.0   -0.1418   -0.5163    0.1346   -0.1019   -0.1321    0.0468          -0.0407    1.1926    0.0084    0.0091   -0.0082    0.0029
 2030.0   -0.1385   -0.5060    0.1341   -0.1008   -0.1315    0.0449          -0.0416    1.1541    0.0084    0.0093   -0.0082    0.0028
 2035.0   -0.1352   -0.4947    0.1335   -0.0998   -0.1309    0.0430          -0.0424    1.1171    0.0084    0.0095   -0.0083    0.0027
 2040.0   -0.1318   -0.4824    0.1330   -0.0988   -0.1304    0.0410          -0.0432    1.0811    0.0085    0.0097   -0.0083    0.0026
 2045.0   -0.1285   -0.4691    0.1324   -0.0977   -0.1298    0.0391          -0.0439    1.0465    0.0085    0.0099   -0.0083    0.0025
 2050.0   -0.1252   -0.4549    0.1319   -0.0967   -0.1292    0.0371          -0.0446    1.0126    0.0085    0.0101   -0.0084    0.0024
 2055.0   -0.1218   -0.4401    0.1313   -0.0957   -0.1287    0.0352          -0.0452    0.9800    0.0086    0.0103   -0.0084    0.0023
 2060.0   -0.1185   -0.4255    0.1308   -0.0947   -0.1281    0.0332          -0.0458    0.9481    0.0086    0.0105   -0.0084    0.0022
 2065.0   -0.1152   -0.4095    0.1302   -0.0937   -0.1276    0.0313          -0.0463    0.9167    0.0086    0.0106   -0.0084    0.0021
 2070.0   -0.1118   -0.3926    0.1297   -0.0927   -0.1270    0.0293          -0.0468    0.8863    0.0086    0.0108   -0.0084    0.0019
 2075.0   -0.1085   -0.3757    0.1291   -0.0917   -0.1265    0.0274          -0.0473    0.8563    0.0086    0.0110   -0.0084    0.0018
 2080.0   -0.1052   -0.3582    0.1286   -0.0907   -0.1259    0.0254          -0.0477    0.8269    0.0086    0.0112   -0.0084    0.0017
 2085.0   -0.1019   -0.3398    0.1281   -0.0897   -0.1254    0.0235          -0.0481    0.7977    0.0086    0.0114   -0.0084    0.0016
 2090.0   -0.0986   -0.3210    0.1275   -0.0887   -0.1248    0.0215          -0.0484    0.7690    0.0086    0.0116   -0.0084    0.0015
 2095.0   -0.0953   -0.3017    0.1270   -0.0878   -0.1243    0.0196          -0.0487    0.7406    0.0086    0.0118   -0.0084    0.0013
 2100.0   -0.0920   -0.2819    0.1265   -0.0868   -0.1238    0.0176          -0.0490    0.7121    0.0086    0.0120   -0.0084    0.0012
 2105.0   -0.0888   -0.2610    0.1259   -0.0858   -0.1232    0.0157          -0.0493    0.6839    0.0086    0.0122   -0.0084    0.0011
 2110.0   -0.0855   -0.2402    0.1254   -0.0849   -0.1227    0.0137          -0.0495    0.6555    0.0085    0.0123   -0.0084    0.0009
 2115.0   -0.0822   -0.2182    0.1249   -0.0839   -0.1222    0.0118          -0.0497    0.6271    0.0085    0.0125   -0.0083    0.0008
 2120.0   -0.0789   -0.1956    0.1243   -0.0830   -0.1216    0.0099          -0.0499    0.5986    0.0085    0.0127   -0.0083    0.0007
 2125.0   -0.0756   -0.1719    0.1238   -0.0821   -0.1211    0.0079          -0.0500    0.5699    0.0085    0.0129   -0.0083    0.0005
 2130.0   -0.0723   -0.1478    0.1233   -0.0811   -0.1206    0.0060          -0.0501    0.5408    0.0084    0.0131   -0.0082    0.0004
 2135.0   -0.0691   -0.1224    0.1228   -0.0802   -0.1200    0.0041          -0.0502    0.5116    0.0084    0.0133   -0.0082    0.0003
 2140.0   -0.0658   -0.0960    0.1223   -0.0793   -0.1195    0.0021          -0.0503    0.4817    0.0083    0.0134   -0.0081    0.0001
 2145.0   -0.0625   -0.0686    0.1218   -0.0784   -0.1190    0.0002          -0.0504    0.4517    0.0083    0.0136   -0.0081    0.0000
 2150.0   -0.0592   -0.0402    0.1212   -0.0775   -0.1185   -0.0017          -0.0504    0.4213    0.0082    0.0138   -0.0080   -0.0001
 2155.0   -0.0559   -0.0103    0.1207   -0.0766   -0.1180   -0.0036          -0.0505    0.3901    0.0082    0.0139   -0.0080   -0.0002
 2160.0   -0.0526    0.0206    0.1202   -0.0757   -0.1175   -0.0056          -0.0505    0.3584    0.0081    0.0141   -0.0079   -0.0004
 2165.0   -0.0494    0.0539    0.1197   -0.0748   -0.1170   -0.0075          -0.0505    0.3262    0.0081    0.0143   -0.0079   -0.0005
 2170.0   -0.0461    0.0878    0.1192   -0.0740   -0.1165   -0.0094          -0.0504    0.2932    0.0080    0.0145   -0.0078   -0.0006
 2175.0   -0.0428    0.1237    0.1187   -0.0731   -0.1160   -0.0113          -0.0504    0.2593    0.0079    0.0146   -0.0077   -0.0008
 2180.0   -0.0395    0.1613    0.1182   -0.0723   -0.1155   -0.0132          -0.0503    0.2250    0.0078    0.0148   -0.0077   -0.0009
 2185.0   -0.0362    0.2005    0.1178   -0.0714   -0.1150   -0.0151          -0.0502    0.1899    0.0078    0.0149   -0.0076   -0.0010
 2190.0   -0.0329    0.2420    0.1173   -0.0706   -0.1145   -0.0170          -0.0501    0.1539    0.0077    0.0151   -0.0075   -0.0011
 2195.0   -0.0296    0.2857    0.1168   -0.0697   -0.1140   -0.0188          -0.0500    0.1172    0.0076    0.0152   -0.0074   -0.0012
 2200.0   -0.0263    0.3323    0.1163   -0.0689   -0.1135   -0.0207          -0.0499    0.0795    0.0075    0.0154   -0.0073   -0.0013
 2205.0   -0.0230    0.3792    0.1158   -0.0681   -0.1130   -0.0226          -0.0497    0.0410    0.0074    0.0156   -0.0072   -0.0014
 2210.0   -0.0197    0.4300    0.1154   -0.0672   -0.1126   -0.0245          -0.0495    0.0015    0.0073    0.0157   -0.0072   -0.0016
 2215.0   -0.0164    0.4832    0.1149   -0.0664   -0.1121   -0.0263          -0.0494   -0.0386    0.0072    0.0158   -0.0071   -0.0017
 2220.0   -0.0131    0.5399    0.1144   -0.0656   -0.1116   -0.0282          -0.0492   -0.0799    0.0071    0.0160   -0.0070   -0.0018
 2225.0   -0.0098    0.5978    0.1140   -0.0648   -0.1112   -0.0301          -0.0489   -0.1222    0.0070    0.0161   -0.0069   -0.0019
 2230.0   -0.0064    0.6594    0.1135   -0.0641   -0.1107   -0.0319          -0.0487   -0.1653    0.0069    0.0163   -0.0068   -0.0019
 2235.0   -0.0031    0.7235    0.1131   -0.0633   -0.1102   -0.0338          -0.0485   -0.2095    0.0068    0.0164   -0.0067   -0.0020
 2240.0    0.0003    0.7936    0.1126   -0.0625   -0.1098   -0.0356          -0.0482   -0.2548    0.0067    0.0165   -0.0065   -0.0021
 2245.0    0.0036    0.8661    0.1122   -0.0617   -0.1093   -0.0374          -0.0479   -0.3007    0.0066    0.0167   -0.0064   -0.0022
 2250.0    0.0070    0.9412    0.1117   -0.0610   -0.1089   -0.0393          -0.0476   -0.3481    0.0065    0.0168   -0.0063   -0.0023
 2255.0    0.0103    1.0206    0.1113   -0.0602   -0.1085   -0.0411          -0.0473   -0.3963    0.0064    0.0169   -0.0062   -0.0023
 2260.0    0.0137    1.1021    0.1108   -0.0595   -0.1080   -0.0429          -0.0470   -0.4455    0.0062    0.0170   -0.0061   -0.0024
 2265.0    0.0170    1.1913    0.1104   -0.0588   -0.1076   -0.0447          -0.0467   -0.4956    0.0061    0.0172   -0.0060   -0.0025
 2270.0    0.0204    1.2826    0.1100   -0.0580   -0.1072   -0.0465          -0.0463   -0.5467    0.0060    0.0173   -0.0058   -0.0025
 2275.0    0.0238    1.3784    0.1096   -0.0573   -0.1067   -0.0483          -0.0459   -0.5986    0.0059    0.0174   -0.0057   -0.0026
 2280.0    0.0272    1.4783    0.1091   -0.0566   -0.1063   -0.0501          -0.0455   -0.6521    0.0057    0.0175   -0.0056   -0.0026
 2285.0    0.0306    1.5856    0.1087   -0.0559   -0.1059   -0.0519          -0.0451   -0.7060    0.0056    0.0176   -0.0055   -0.0027
 2290.0    0.0339    1.6943    0.1083   -0.0552   -0.1055   -0.0537          -0.0447   -0.7614    0.0055    0.0177   -0.0053   -0.0027
 2295.0    0.0374    1.8095    0.1079   -0.0545   -0.1051   -0.0555          -0.0443   -0.8173    0.0053    0.0178   -0.0052   -0.0027
 2300.0    0.0407    1.9356    0.1075   -0.0538   -0.1047   -0.0572          -0.0438   -0.8742    0.0052    0.0179   -0.0051   -0.0028
 2305.0    0.0441    2.0611    0.1071   -0.0531   -0.1042   -0.0590          -0.0434   -0.9322    0.0050    0.0180   -0.0049   -0.0028
 2310.0    0.0475    2.1961    0.1067   -0.0524   -0.1038   -0.0608          -0.0429   -0.9911    0.0049    0.0181   -0.0048   -0.0028
 2315.0    0.0510    2.3320    0.1063   -0.0518   -0.1034   -0.0625          -0.0424   -1.0510    0.0048    0.0182   -0.0046   -0.0028
 2320.0    0.0544    2.4780    0.1059   -0.0511   -0.1031   -0.0643          -0.0419   -1.1113    0.0046    0.0183   -0.0045   -0.0028
 2325.0    0.0579    2.6349    0.1055   -0.0505   -0.1027   -0.0660          -0.0414   -1.1728    0.0045    0.0183   -0.0043   -0.0028
 2330.0    0.0613    2.7931    0.1051   -0.0498   -0.1023   -0.0678          -0.0408   -1.2345    0.0043    0.0184   -0.0042   -0.0028
 2335.0    0.0648    2.9541    0.1047   -0.0492   -0.1019   -0.0695          -0.0403   -1.2979    0.0042    0.0185   -0.0041   -0.0028
 2340.0    0.0682    3.1292    0.1043   -0.0486   -0.1015   -0.0712          -0.0397   -1.3610    0.0040    0.0186   -0.0039   -0.0027
 2345.0    0.0716    3.3119    0.1040   -0.0480   -0.1011   -0.0729          -0.0391   -1.4255    0.0039    0.0187   -0.0038   -0.0027
 2350.0    0.0751    3.5000    0.1036   -0.0473   -0.1008   -0.0746          -0.0385   -1.4897    0.0037    0.0187   -0.0036   -0.0027
 2355.0    0.0786    3.7018    0.1032   -0.0467   -0.1004   -0.0764          -0.0379   -1.5556    0.0035    0.0188   -0.0034   -0.0026
 2360.0    0.0820    3.9044    0.1029   -0.0461   -0.1000   -0.0780          -0.0372   -1.6217    0.0034    0.0188   -0.0033   -0.0026
 2365.0    0.0855    4.1210    0.1025   -0.0455   -0.0997   -0.0797          -0.0366   -1.6879    0.0032    0.0189   -0.0031   -0.0025
 2370.0    0.0890    4.3359    0.1022   -0.0449   -0.0993   -0.0814          -0.0359   -1.7549    0.0031    0.0190   -0.0030   -0.0024
 2375.0    0.0925    4.5681    0.1018   -0.0444   -0.0990   -0.0831          -0.0352   -1.8221    0.0029    0.0190   -0.0028   -0.0024
 2380.0    0.0960    4.8067    0.1014   -0.0438   -0.0986   -0.0848          -0.0345   -1.8890    0.0027    0.0191   -0.0027   -0.0023
 2385.0    0.0994    5.0649    0.1011   -0.0432   -0.0983   -0.0865          -0.0338   -1.9570    0.0026    0.0191   -0.0025   -0.0022
 2390.0    0.1030    5.3204    0.1008   -0.0427   -0.0979   -0.0881          -0.0331   -2.0246    0.0024    0.0192   -0.0023   -0.0021
 2395.0    0.1065    5.5961    0.1004   -0.0421   -0.0976   -0.0898          -0.0323   -2.0935    0.0022    0.0192   -0.0022   -0.0020
 2400.0    0.1099    5.8795    0.1001   -0.0416   -0.0972   -0.0914          -0.0316   -2.1584    0.0021    0.0193   -0.0020   -0.0019
 2405.0    0.1135    6.1701    0.0997   -0.0411   -0.0969   -0.0931          -0.0308   -2.2291    0.0019    0.0193   -0.0018   -0.0018
 2410.0    0.1171    6.4720    0.0994   -0.0405   -0.0966   -0.0947          -0.0300   -2.2953    0.0017    0.0193   -0.0017   -0.0017
 2415.0    0.1205    6.7859    0.0991   -0.0400   -0.0962   -0.0963          -0.0292   -2.3627    0.0016    0.0194   -0.0015   -0.0015
 2420.0    0.1241    7.1074    0.0988   -0.0395   -0.0959   -0.0980          -0.0284   -2.4301    0.0014    0.0194   -0.0013   -0.0014
 2425.0    0.1276    7.4490    0.0984   -0.0390   -0.0956   -0.0996          -0.0275   -2.4974    0.0012    0.0194   -0.0012   -0.0012
 2430.0    0.1313    7.7904    0.0981   -0.0385   -0.0953   -0.1012          -0.0267   -2.5646    0.0010    0.0195   -0.0010   -0.0011
 2435.0    0.1347    8.1576    0.0978   -0.0380   -0.0950   -0.1028          -0.0258   -2.6271    0.0009    0.0195   -0.0008   -0.0009
 2440.0    0.1384    8.5334    0.0975   -0.0375   -0.0946   -0.1044          -0.0249   -2.6950    0.0007    0.0195   -0.0007   -0.0007
 2445.0    0.1418    8.9232    0.0972   -0.0370   -0.0943   -0.1060          -0.0240   -2.7578    0.0005    0.0195   -0.0005   -0.0006
 2450.0    0.1454    9.3218    0.0969   -0.0365   -0.0940   -0.1076          -0.0231   -2.8200    0.0003    0.0196   -0.0003   -0.0004
 2455.0    0.1491    9.7289    0.0966   -0.0361   -0.0937   -0.1092          -0.0221   -2.8815    0.0002    0.0196   -0.0002   -0.0002
 2460.0    0.1530   10.1444    0.0963   -0.0356   -0.0935   -0.1108          -0.0211   -2.9421   -0.0000    0.0196    0.0000    0.0000
 2465.0    0.1570   10.5683    0.0960   -0.0351   -0.0932   -0.1124          -0.0201   -3.0018   -0.0002    0.0195    0.0002    0.0002
 2470.0    0.1612   11.0002    0.0958   -0.0347   -0.0930   -0.1140          -0.0191   -3.0603   -0.0004    0.0195    0.0004    0.0004
 2475.0    0.1655   11.4401    0.0956   -0.0342   -0.0927   -0.1157          -0.0180   -3.1178   -0.0005    0.0195    0.0005    0.0007
 2480.0    0.1700   11.8877    0.0953   -0.0337   -0.0925   -0.1173          -0.0169   -3.1739   -0.0007    0.0194    0.0007    0.0009
 2485.0    0.1747   12.3429    0.0951   -0.0333   -0.0923   -0.1190          -0.0158   -3.2286   -0.0009    0.0194    0.0009    0.0011
 2490.0    0.1795   12.8054    0.0950   -0.0328   -0.0921   -0.1207          -0.0146   -3.2818   -0.0011    0.0193    0.0011    0.0014
 2495.0    0.1846   13.2749    0.0948   -0.0323   -0.0919   -0.1223          -0.0134   -3.3333   -0.0013    0.0192    0.0012    0.0016
 2500.0    0.1898   13.7512    0.0946   -0.0319   -0.0918   -0.1240          -0.0122   -3.3830   -0.0015    0.0191    0.0014    0.0019
